1736885923792477 -0.32157104991540947 -0.9468854523416764 0.0 0.0 -0.9468854523416764 0.32157104991540947 0.0 0.0 0.0 0.0 1.0 0.0
1736885924042796 -0.3225413679448211 -0.9465553686733195 0.0 0.0008094871067934702 -0.9465553686733195 0.3225413679448211 0.0 0.0011989607632584298 0.0 0.0 1.0 0.0
1736885924292546 -0.3235103630284655 -0.946224627143677 0.0 0.0011174244908475728 -0.946224627143677 0.3235103630284655 0.0 0.0032060288224761845 0.0 0.0 1.0 0.0
1736885924541733 -0.32438293410056573 -0.9459258491363411 0.0 0.0003287544967002903 -0.9459258491363411 0.32438293410056573 0.0 0.006170106536127921 0.0 0.0 1.0 0.0
1736885924790750 -0.3255024225605919 -0.9455412063507258 0.0 -0.00022468863246058522 -0.9455412063507258 0.3255024225605919 0.0 0.010169444703151412 0.0 0.0 1.0 0.0
1736885925039949 -0.3264190694015792 -0.9452251536702814 0.0 -0.0003038778979544559 -0.9452251536702814 0.3264190694015792 0.0 0.014087191693178852 0.0 0.0 1.0 0.0
1736885925288927 -0.32751576003291677 -0.9448457159399417 0.0 -0.0007482955983712472 -0.9448457159399417 0.32751576003291677 0.0 0.018092131607508246 0.0 0.0 1.0 0.0
1736885925538170 -0.32851421186328855 -0.9444990273175735 0.0 -0.001837723295342652 -0.9444990273175735 0.32851421186328855 0.0 0.02075026343357641 0.0 0.0 1.0 0.0
1736885925787994 -0.3294745701173627 -0.9441644494715838 0.0 -0.002142866558493016 -0.9441644494715838 0.3294745701173627 0.0 0.022545683241704934 0.0 0.0 1.0 0.0
1736885926038099 -0.3305289133200696 -0.9437958664136297 0.0 -0.002023494370335996 -0.9437958664136297 0.3305289133200696 0.0 0.02522029302400936 0.0 0.0 1.0 0.0
1736885926288441 -0.32981179719564785 -0.9440467035219057 0.0 -0.0036563149245361208 -0.9440467035219057 0.32981179719564785 0.0 0.0238367083543475 0.0 0.0 1.0 0.0
1736885926538455 -0.3297310437668723 -0.9440749116338221 0.0 -0.004521553790643565 -0.9440749116338221 0.3297310437668723 0.0 0.02147224956270705 0.0 0.0 1.0 0.0
1736885926788449 -0.3297083581490875 -0.9440828345895466 0.0 -0.0039973375323785944 -0.9440828345895466 0.3297083581490875 0.0 0.023654557082652038 0.0 0.0 1.0 0.0
1736885927038330 -0.32992037813622116 -0.9440087627191036 0.0 -0.006257699792356014 -0.9440087627191036 0.32992037813622116 0.0 0.023971588095809356 0.0 0.0 1.0 0.0
1736885927288048 -0.3298704337564606 -0.9440262162320094 0.0 -0.008321546567154042 -0.9440262162320094 0.3298704337564606 0.0 0.023147941830141294 0.0 0.0 1.0 0.0
1736885927537803 -0.32995311521449966 -0.9439973208437867 0.0 -0.008741631913480844 -0.9439973208437867 0.32995311521449966 0.0 0.021973849469981595 0.0 0.0 1.0 0.0
1736885927787203 -0.32972430310697864 -0.9440772658742596 0.0 -0.00865829388327215 -0.9440772658742596 0.32972430310697864 0.0 0.020234489763641915 0.0 0.0 1.0 0.0
1736885928036152 -0.32965839501836963 -0.9441002820643115 0.0 -0.008139228647260344 -0.9441002820643115 0.32965839501836963 0.0 0.017447230257419163 0.0 0.0 1.0 0.0
1736885928284843 -0.32977783587815757 -0.9440585675494497 0.0 -0.009120889033670962 -0.9440585675494497 0.32977783587815757 0.0 0.015268969084789521 0.0 0.0 1.0 0.0
1736885928533876 -0.32974865278333704 -0.9440687612603089 0.0 -0.00948977997249255 -0.9440687612603089 0.32974865278333704 0.0 0.015841149362935767 0.0 0.0 1.0 0.0
1736885928783147 -0.3299926379176558 -0.9439835056398744 0.0 -0.010356168898398447 -0.9439835056398744 0.3299926379176558 0.0 0.01529320752459264 0.0 0.0 1.0 0.0
1736885929032932 -0.3300884864472999 -0.9439499939694532 0.0 -0.010568462031157988 -0.9439499939694532 0.3300884864472999 0.0 0.013965330830007762 0.0 0.0 1.0 0.0
1736885929282746 -0.3301517314771638 -0.9439278755300273 0.0 -0.011319817493929704 -0.9439278755300273 0.3301517314771638 0.0 0.013980157923756087 0.0 0.0 1.0 0.0
1736885929532318 -0.3299498523132128 -0.9439984613115051 0.0 -0.012824114037405977 -0.9439984613115051 0.3299498523132128 0.0 0.01359410688668104 0.0 0.0 1.0 0.0
1736885929781860 -0.32995002006240703 -0.9439984026791662 0.0 -0.012066340991846542 -0.9439984026791662 0.32995002006240703 0.0 0.011350774878903045 0.0 0.0 1.0 0.0
1736885930031875 -0.32968316452678736 -0.9440916327494929 0.0 -0.012125641513883395 -0.9440916327494929 0.32968316452678736 0.0 0.010333159047786276 0.0 0.0 1.0 0.0
1736885930281787 -0.3298987668397305 -0.9440163153450395 0.0 -0.014088273340828177 -0.9440163153450395 0.3298987668397305 0.0 0.009809393265830017 0.0 0.0 1.0 0.0
1736885930531554 -0.3300169642676157 -0.9439750014145435 0.0 -0.01551843109458319 -0.9439750014145435 0.3300169642676157 0.0 0.009979706321338558 0.0 0.0 1.0 0.0
1736885930780996 -0.3301442917284265 -0.9439304776513658 0.0 -0.014859705873189376 -0.9439304776513658 0.3301442917284265 0.0 0.009942663938840088 0.0 0.0 1.0 0.0
1736885931030473 -0.3302093548884692 -0.9439077189768823 0.0 -0.016667962240154807 -0.9439077189768823 0.3302093548884692 0.0 0.009278805335577919 0.0 0.0 1.0 0.0
1736885931280207 -0.33028279350767537 -0.9438820245733924 0.0 -0.018395807513354696 -0.9438820245733924 0.33028279350767537 0.0 0.00844436517674859 0.0 0.0 1.0 0.0
1736885931529621 -0.33030034025078214 -0.9438758844414966 0.0 -0.017765467808203345 -0.9438758844414966 0.33030034025078214 0.0 0.007221393745290536 0.0 0.0 1.0 0.0
1736885931779000 -0.3301888114851145 -0.943914905470852 0.0 -0.018222899572081553 -0.943914905470852 0.3301888114851145 0.0 0.005762788256028431 0.0 0.0 1.0 0.0
1736885932028171 -0.3303336158245851 -0.9438642393142435 0.0 -0.019448184264347693 -0.9438642393142435 0.3303336158245851 0.0 0.003990513220253497 0.0 0.0 1.0 0.0
1736885932277846 -0.3303364653684435 -0.9438632420260274 0.0 -0.020852002419752297 -0.9438632420260274 0.3303364653684435 0.0 0.0029647223058783126 0.0 0.0 1.0 0.0
1736885932527752 -0.3302280617727573 -0.9439011744975254 0.0 -0.020302827565543836 -0.9439011744975254 0.3302280617727573 0.0 0.0024762330179867414 0.0 0.0 1.0 0.0
1736885932777481 -0.33023197854664366 -0.9438998041874832 0.0 -0.020595116764918556 -0.9438998041874832 0.33023197854664366 0.0 0.0027069248088547465 0.0 0.0 1.0 0.0
1736885933027446 -0.3302983613079262 -0.9438765769512976 0.0 -0.022373905674647077 -0.9438765769512976 0.3302983613079262 0.0 0.0023195473461884502 0.0 0.0 1.0 0.0
1736885933277187 -0.3300136129999829 -0.943976173022761 0.0 -0.020633929827026814 -0.943976173022761 0.3300136129999829 0.0 0.0006398639050826218 0.0 0.0 1.0 0.0
1736885933527148 -0.3301626712255681 -0.9439240491317071 0.0 -0.020614774350683273 -0.9439240491317071 0.3301626712255681 0.0 -0.0020551310919300183 0.0 0.0 1.0 0.0
1736885933777501 -0.33012695943812115 -0.9439365395259054 0.0 -0.02207765939506889 -0.9439365395259054 0.33012695943812115 0.0 -0.0036260929005976646 0.0 0.0 1.0 0.0
1736885934027520 -0.3301934819921698 -0.943913271678011 0.0 -0.0226199087196699 -0.943913271678011 0.3301934819921698 0.0 -0.004727574291293614 0.0 0.0 1.0 0.0
1736885934277106 -0.3302953287431166 -0.9438776381557499 0.0 -0.024278806242418162 -0.9438776381557499 0.3302953287431166 0.0 -0.004364530834629446 0.0 0.0 1.0 0.0
1736885934526462 -0.3303906859954714 -0.9438442639585419 0.0 -0.024212159775969407 -0.9438442639585419 0.3303906859954714 0.0 -0.003996015456279771 0.0 0.0 1.0 0.0
1736885934776200 -0.330407290917444 -0.9438384512768038 0.0 -0.022532175868187117 -0.9438384512768038 0.330407290917444 0.0 -0.00457054061178743 0.0 0.0 1.0 0.0
1736885935026122 -0.33059142845837797 -0.9437739705193449 0.0 -0.02163581918389924 -0.9437739705193449 0.33059142845837797 0.0 -0.0041041072014361924 0.0 0.0 1.0 0.0
1736885935275725 -0.33055928464196355 -0.9437852294547703 0.0 -0.021527732684648217 -0.9437852294547703 0.33055928464196355 0.0 -0.0045970769924824125 0.0 0.0 1.0 0.0
1736885935525270 -0.33084456076012236 -0.9436852635362288 0.0 -0.02306285425286085 -0.9436852635362288 0.33084456076012236 0.0 -0.005743379594573689 0.0 0.0 1.0 0.0
1736885935774608 -0.3309787926820004 -0.9436381927384909 0.0 -0.02435499937371973 -0.9436381927384909 0.3309787926820004 0.0 -0.005711476947092877 0.0 0.0 1.0 0.0
1736885936024497 -0.3310518863370565 -0.943612552138152 0.0 -0.023008287188086687 -0.943612552138152 0.3310518863370565 0.0 -0.006184697522255909 0.0 0.0 1.0 0.0
1736885936274785 -0.3310634503638378 -0.943608494998424 0.0 -0.024457218848269048 -0.943608494998424 0.3310634503638378 0.0 -0.00704434346375207 0.0 0.0 1.0 0.0
1736885936525045 -0.3310302188690296 -0.943620153555191 0.0 -0.02530007035102812 -0.943620153555191 0.3310302188690296 0.0 -0.009050690343947973 0.0 0.0 1.0 0.0
1736885936775396 -0.33099627846877994 -0.9436320594595214 0.0 -0.02545090263526722 -0.9436320594595214 0.33099627846877994 0.0 -0.010398457520772685 0.0 0.0 1.0 0.0
1736885937025775 -0.33105823653028665 -0.943610324246962 0.0 -0.02847066059628864 -0.943610324246962 0.33105823653028665 0.0 -0.009746776802694458 0.0 0.0 1.0 0.0
1736885937275945 -0.33111144976987095 -0.9435916531165874 0.0 -0.0294730834375088 -0.9435916531165874 0.33111144976987095 0.0 -0.010968940830751037 0.0 0.0 1.0 0.0
1736885937526130 -0.3310329860328175 -0.9436191828053287 0.0 -0.029799622602565443 -0.9436191828053287 0.3310329860328175 0.0 -0.012098763465417578 0.0 0.0 1.0 0.0
1736885937775834 -0.33097480995247736 -0.9436395896617106 0.0 -0.03066912390720781 -0.9436395896617106 0.33097480995247736 0.0 -0.013324441519864194 0.0 0.0 1.0 0.0
1736885938025010 -0.3310860598408339 -0.9436005621973059 0.0 -0.030736662745141852 -0.9436005621973059 0.3310860598408339 0.0 -0.013651772988229852 0.0 0.0 1.0 0.0
1736885938274000 -0.3309849744891551 -0.9436360244619815 0.0 -0.03130353382519723 -0.9436360244619815 0.3309849744891551 0.0 -0.01436873197892798 0.0 0.0 1.0 0.0
1736885938523457 -0.3310833721098944 -0.9436015052512058 0.0 -0.03301901984837985 -0.9436015052512058 0.3310833721098944 0.0 -0.015340560420342852 0.0 0.0 1.0 0.0
1736885938773293 -0.3309937268566611 -0.9436329544804686 0.0 -0.033094487000461956 -0.9436329544804686 0.3309937268566611 0.0 -0.015752459203389385 0.0 0.0 1.0 0.0
1736885939023001 -0.33102008301409636 -0.9436237092407866 0.0 -0.03219104540470825 -0.9436237092407866 0.33102008301409636 0.0 -0.01667232203339463 0.0 0.0 1.0 0.0
1736885939273125 -0.3310456311167726 -0.9436147466622689 0.0 -0.03367789578660682 -0.9436147466622689 0.3310456311167726 0.0 -0.01725075967790795 0.0 0.0 1.0 0.0
1736885939523166 -0.33097694792736776 -0.9436388397796504 0.0 -0.036039514583427835 -0.9436388397796504 0.33097694792736776 0.0 -0.017444858655717925 0.0 0.0 1.0 0.0
1736885939773345 -0.3310581250782748 -0.9436103633490136 0.0 -0.03570009148623957 -0.9436103633490136 0.3310581250782748 0.0 -0.01639603194670763 0.0 0.0 1.0 0.0
1736885940023957 -0.3311020108446054 -0.9435949652338438 0.0 -0.036404097899664284 -0.9435949652338438 0.3311020108446054 0.0 -0.017255684471105752 0.0 0.0 1.0 0.0
1736885940274411 -0.33114412388163084 -0.9435801869574558 0.0 -0.03725850835016826 -0.9435801869574558 0.33114412388163084 0.0 -0.019785521188091387 0.0 0.0 1.0 0.0
1736885940524744 -0.3312185245722225 -0.9435540731617876 0.0 -0.036698180131391554 -0.9435540731617876 0.3312185245722225 0.0 -0.019612511604163402 0.0 0.0 1.0 0.0
1736885940774620 -0.33129860058929733 -0.9435259600284315 0.0 -0.03730134082191744 -0.9435259600284315 0.33129860058929733 0.0 -0.019930005044146645 0.0 0.0 1.0 0.0
1736885941024105 -0.33111408810028237 -0.9435907273079354 0.0 -0.03767845145478305 -0.9435907273079354 0.33111408810028237 0.0 -0.020005171178965424 0.0 0.0 1.0 0.0
1736885941273521 -0.3310754296512651 -0.9436042920002168 0.0 -0.03745949591305074 -0.9436042920002168 0.3310754296512651 0.0 -0.019943622562886672 0.0 0.0 1.0 0.0
1736885941523142 -0.3310617833458201 -0.9436090798672326 0.0 -0.03846685564014612 -0.9436090798672326 0.3310617833458201 0.0 -0.020485894982573846 0.0 0.0 1.0 0.0
1736885941772891 -0.33113875867128123 -0.9435820698305172 0.0 -0.0395186774833066 -0.9435820698305172 0.33113875867128123 0.0 -0.022534789669692974 0.0 0.0 1.0 0.0
1736885942022197 -0.3310452869361607 -0.9436148674100865 0.0 -0.039130656662051226 -0.9436148674100865 0.3310452869361607 0.0 -0.026446108982769792 0.0 0.0 1.0 0.0
1736885942271530 -0.3308794831901292 -0.9436730194319604 0.0 -0.04183170415405711 -0.9436730194319604 0.3308794831901292 0.0 -0.0281848744595687 0.0 0.0 1.0 0.0
1736885942521743 -0.33089378185379814 -0.9436680057787755 0.0 -0.043471061025032634 -0.9436680057787755 0.33089378185379814 0.0 -0.02904340478188362 0.0 0.0 1.0 0.0
1736885942772106 -0.3309753158287129 -0.9436394122291013 0.0 -0.04337134777684323 -0.9436394122291013 0.3309753158287129 0.0 -0.029517381086897544 0.0 0.0 1.0 0.0
1736885943022449 -0.3309748359808737 -0.943639580532437 0.0 -0.04248784396893305 -0.943639580532437 0.3309748359808737 0.0 -0.028965195272604303 0.0 0.0 1.0 0.0
1736885943272597 -0.33102438238510046 -0.9436222010246277 0.0 -0.043410711486935843 -0.9436222010246277 0.33102438238510046 0.0 -0.02891883932438878 0.0 0.0 1.0 0.0
1736885943522596 -0.3307988479127886 -0.9437012886605443 0.0 -0.04559122946136193 -0.9437012886605443 0.3307988479127886 0.0 -0.030978543741275955 0.0 0.0 1.0 0.0
1736885943772903 -0.3307274382350161 -0.9437263171060261 0.0 -0.044844977936459335 -0.9437263171060261 0.3307274382350161 0.0 -0.032262618198827114 0.0 0.0 1.0 0.0
1736885944022771 -0.3308457256051327 -0.943684855154947 0.0 -0.04603715241426572 -0.943684855154947 0.3308457256051327 0.0 -0.03287224311952429 0.0 0.0 1.0 0.0
1736885944272225 -0.3308941105918994 -0.9436678905078819 0.0 -0.04700568543086738 -0.9436678905078819 0.3308941105918994 0.0 -0.0333798413838147 0.0 0.0 1.0 0.0
1736885944521276 -0.3308280421218316 -0.9436910546072987 0.0 -0.047407694196634605 -0.9436910546072987 0.3308280421218316 0.0 -0.03450110877910535 0.0 0.0 1.0 0.0
1736885944770300 -0.3307732515414937 -0.9437102606545442 0.0 -0.04730896222377358 -0.9437102606545442 0.3307732515414937 0.0 -0.03643618543410958 0.0 0.0 1.0 0.0
1736885945019517 -0.33081755189709683 -0.9436947320806722 0.0 -0.047999836795795905 -0.9436947320806722 0.33081755189709683 0.0 -0.03855853024565797 0.0 0.0 1.0 0.0
1736885945268864 -0.330863929228467 -0.9436784729639116 0.0 -0.051996741593495634 -0.9436784729639116 0.330863929228467 0.0 -0.044189178480751844 0.0 0.0 1.0 0.0
1736885945518096 -0.32641045785677014 -0.9452281274918419 0.0 -0.055147568071519694 -0.9452281274918419 0.32641045785677014 0.0 -0.06630918726519476 0.0 0.0 1.0 0.0
1736885945767676 -0.3291426488017874 -0.9442802109224482 0.0 -0.062227370525896455 -0.9442802109224482 0.3291426488017874 0.0 -0.11350347581403694 0.0 0.0 1.0 0.0
1736885946017713 -0.32417390469741425 -0.9459975050248451 0.0 -0.0828795223950104 -0.9459975050248451 0.32417390469741425 0.0 -0.19432406452705142 0.0 0.0 1.0 0.0
1736885946268474 -0.3230454358833195 -0.9463834562982154 0.0 -0.12416291682972463 -0.9463834562982154 0.3230454358833195 0.0 -0.320983929210294 0.0 0.0 1.0 0.0
1736885946518853 -0.32170112528223066 -0.9468412675798127 0.0 -0.16326028555153685 -0.9468412675798127 0.32170112528223066 0.0 -0.4623095319225903 0.0 0.0 1.0 0.0
1736885946769176 -0.3217927452547155 -0.9468101336072792 0.0 -0.2031109166790647 -0.9468101336072792 0.3217927452547155 0.0 -0.5920620446495135 0.0 0.0 1.0 0.0
1736885947019555 -0.3218284963631937 -0.9467979821105482 0.0 -0.2546831926804893 -0.9467979821105482 0.3218284963631937 0.0 -0.7277057033276848 0.0 0.0 1.0 0.0
1736885947269914 -0.32104439799815077 -0.9470641448782681 0.0 -0.2988761334326493 -0.9470641448782681 0.32104439799815077 0.0 -0.8668981490384746 0.0 0.0 1.0 0.0
1736885947520253 -0.32148885799421023 -0.9469133614991282 0.0 -0.33435464534752385 -0.9469133614991282 0.32148885799421023 0.0 -0.9906238752462425 0.0 0.0 1.0 0.0
1736885947769798 -0.31916122063801167 -0.9477004353912973 0.0 -0.35704358453865725 -0.9477004353912973 0.31916122063801167 0.0 -1.108295027268307 0.0 0.0 1.0 0.0
1736885948018949 -0.31872837590416314 -0.9478460963645388 0.0 -0.3975511486096126 -0.9478460963645388 0.31872837590416314 0.0 -1.2390412900400194 0.0 0.0 1.0 0.0
1736885948267927 -0.3175920939829417 -0.9482274314949607 0.0 -0.45916825751124213 -0.9482274314949607 0.3175920939829417 0.0 -1.3658830400766813 0.0 0.0 1.0 0.0
1736885948517672 -0.31369623729167057 -0.9495233913438089 0.0 -0.5072331713327125 -0.9495233913438089 0.31369623729167057 0.0 -1.4874629828575627 0.0 0.0 1.0 0.0
1736885948768013 -0.31156331612919275 -0.9502253943368283 0.0 -0.5451396002113437 -0.9502253943368283 0.31156331612919275 0.0 -1.6194789165050252 0.0 0.0 1.0 0.0
1736885949018671 -0.30796660324556746 -0.9513971680036616 0.0 -0.593864028950793 -0.9513971680036616 0.30796660324556746 0.0 -1.7565817652895177 0.0 0.0 1.0 0.0
1736885949269429 -0.309928668064413 -0.9507598123142453 0.0 -0.6535998149001112 -0.9507598123142453 0.309928668064413 0.0 -1.9488158528233896 0.0 0.0 1.0 0.0
1736885949520090 -0.30633991203630734 -0.9519221913022029 0.0 -0.7393128858892954 -0.9519221913022029 0.30633991203630734 0.0 -2.1852424965338213 0.0 0.0 1.0 0.0
1736885949771005 -0.31029834773552606 -0.9506392246234123 0.0 -0.8230687996801899 -0.9506392246234123 0.31029834773552606 0.0 -2.39617918470928 0.0 0.0 1.0 0.0
1736885950021398 -0.30872290003315345 -0.9511520230726105 0.0 -0.8805291577241289 -0.9511520230726105 0.30872290003315345 0.0 -2.59389510540397 0.0 0.0 1.0 0.0
1736885950272369 -0.3342265576202877 -0.9424927629331127 0.0 -0.9269026429565783 -0.9424927629331127 0.3342265576202877 0.0 -2.798595675187462 0.0 0.0 1.0 0.0
1736885950525210 -0.42282215766672987 -0.9062126808790808 0.0 -0.9965398265735844 -0.9062126808790808 0.42282215766672987 0.0 -2.9874808028669593 0.0 0.0 1.0 0.0
1736885950775229 -0.47587903267786125 -0.8795107425481412 0.0 -1.0966444980051944 -0.8795107425481412 0.47587903267786125 0.0 -3.1491318452737582 0.0 0.0 1.0 0.0
1736885951022353 -0.4694675046329961 -0.8829497506051335 0.0 -1.171562247815457 -0.8829497506051335 0.4694675046329961 0.0 -3.2922062667513843 0.0 0.0 1.0 0.0
1736885951270122 -0.4607049635954249 -0.8875533429144064 0.0 -1.2292641436491563 -0.8875533429144064 0.4607049635954249 0.0 -3.3971826532875147 0.0 0.0 1.0 0.0
1736885951515134 -0.37430085469110796 -0.9273073224004574 0.0 -1.260659898971171 -0.9273073224004574 0.37430085469110796 0.0 -3.4558680068443715 0.0 0.0 1.0 0.0
1736885951762006 -0.2759410003437998 -0.9611745753656114 0.0 -1.2744561573631654 -0.9611745753656114 0.2759410003437998 0.0 -3.4886930255694524 0.0 0.0 1.0 0.0
1736885952015305 -0.2937725312522542 -0.9558753579215459 0.0 -1.2851065493876783 -0.9558753579215459 0.2937725312522542 0.0 -3.5105773328287415 0.0 0.0 1.0 0.0
1736885952268117 -0.2980224140794188 -0.9545588723102811 0.0 -1.3128809473671554 -0.9545588723102811 0.2980224140794188 0.0 -3.5783033854700688 0.0 0.0 1.0 0.0
1736885952520221 -0.2996515706500545 -0.9540487074604501 0.0 -1.3701805240459934 -0.9540487074604501 0.2996515706500545 0.0 -3.728822566458593 0.0 0.0 1.0 0.0
1736885952772079 -0.2972840695698986 -0.9547890772207022 0.0 -1.4107554510770615 -0.9547890772207022 0.2972840695698986 0.0 -3.8973205404024096 0.0 0.0 1.0 0.0
1736885953023442 -0.2965084898970556 -0.9550302170187956 0.0 -1.4463044932330351 -0.9550302170187956 0.2965084898970556 0.0 -4.050860336104724 0.0 0.0 1.0 0.0
1736885953273893 -0.29210230374158697 -0.9563870786187243 0.0 -1.497221793007028 -0.9563870786187243 0.29210230374158697 0.0 -4.1986957175367055 0.0 0.0 1.0 0.0
1736885953523748 -0.29168383798326364 -0.9565147874755274 0.0 -1.5469682717821776 -0.9565147874755274 0.29168383798326364 0.0 -4.3498043376641435 0.0 0.0 1.0 0.0
1736885953775083 -0.3417823017885942 -0.9397791539420792 0.0 -1.5873324228776637 -0.9397791539420792 0.3417823017885942 0.0 -4.510387622771051 0.0 0.0 1.0 0.0
1736885954025449 -0.3876236376681945 -0.9218177235879532 0.0 -1.6328580155732397 -0.9218177235879532 0.3876236376681945 0.0 -4.665930866649336 0.0 0.0 1.0 0.0
1736885954272966 -0.3755415958029163 -0.9268055404570038 0.0 -1.68496640815471 -0.9268055404570038 0.3755415958029163 0.0 -4.773261347096563 0.0 0.0 1.0 0.0
1736885954521115 -0.3700647074217146 -0.9290059807777776 0.0 -1.7090795639287033 -0.9290059807777776 0.3700647074217146 0.0 -4.81976612554356 0.0 0.0 1.0 0.0
1736885954769963 -0.367782913894256 -0.92991167765947 0.0 -1.7156818447654818 -0.92991167765947 0.367782913894256 0.0 -4.8533619848230005 0.0 0.0 1.0 0.0
1736885955019553 -0.366567994056532 -0.9303912648629985 0.0 -1.7343521189399556 -0.9303912648629985 0.366567994056532 0.0 -4.89042888206873 0.0 0.0 1.0 0.0
1736885955269396 -0.36749654435353996 -0.9300248867036873 0.0 -1.7497775777497313 -0.9300248867036873 0.36749654435353996 0.0 -4.926522828952908 0.0 0.0 1.0 0.0
1736885955519166 -0.3662256550130459 -0.9305260714296324 0.0 -1.7804566738017333 -0.9305260714296324 0.3662256550130459 0.0 -5.010246098078876 0.0 0.0 1.0 0.0
1736885955768919 -0.36731177113481994 -0.9300978780675728 0.0 -1.8329760373535102 -0.9300978780675728 0.36731177113481994 0.0 -5.141181663050229 0.0 0.0 1.0 0.0
1736885956019207 -0.36873548038717074 -0.9295343702648344 0.0 -1.887909532103595 -0.9295343702648344 0.36873548038717074 0.0 -5.2745299871808395 0.0 0.0 1.0 0.0
1736885956269642 -0.3744194852696521 -0.9272594292054455 0.0 -1.9393942568465121 -0.9272594292054455 0.3744194852696521 0.0 -5.407917381588915 0.0 0.0 1.0 0.0
1736885956519941 -0.37476055792989704 -0.9271216339941982 0.0 -1.9685703499310971 -0.9271216339941982 0.37476055792989704 0.0 -5.544830438281114 0.0 0.0 1.0 0.0
1736885956769915 -0.37429383321563725 -0.9273101565370373 0.0 -2.012744275845839 -0.9273101565370373 0.37429383321563725 0.0 -5.679879548810017 0.0 0.0 1.0 0.0
1736885957019313 -0.3729394268984752 -0.9278556912929061 0.0 -2.080125010444446 -0.9278556912929061 0.3729394268984752 0.0 -5.809515243215858 0.0 0.0 1.0 0.0
1736885957268868 -0.37041787277624627 -0.9288652214007802 0.0 -2.1476820064457027 -0.9288652214007802 0.37041787277624627 0.0 -5.9399570654828535 0.0 0.0 1.0 0.0
1736885957519014 -0.3691166941997537 -0.9293830566903215 0.0 -2.205709764834044 -0.9293830566903215 0.3691166941997537 0.0 -6.065399792702211 0.0 0.0 1.0 0.0
1736885957769692 -0.3703734226229008 -0.928882946239513 0.0 -2.2414857675780886 -0.928882946239513 0.3703734226229008 0.0 -6.195191507688209 0.0 0.0 1.0 0.0
1736885958020338 -0.3726090181777946 -0.9279884264216768 0.0 -2.2957890590826486 -0.9279884264216768 0.3726090181777946 0.0 -6.32168067080315 0.0 0.0 1.0 0.0
1736885958270730 -0.37518548770613963 -0.9269497558199721 0.0 -2.351856883084743 -0.9269497558199721 0.37518548770613963 0.0 -6.456434288351339 0.0 0.0 1.0 0.0
1736885958520874 -0.3709069990982475 -0.9286700156782992 0.0 -2.397787824467157 -0.9286700156782992 0.3709069990982475 0.0 -6.600538511720956 0.0 0.0 1.0 0.0
1736885958771051 -0.37371529604714837 -0.9275434639413896 0.0 -2.4456026759420557 -0.9275434639413896 0.37371529604714837 0.0 -6.727830661440273 0.0 0.0 1.0 0.0
1736885959020720 -0.3707377307417161 -0.9287376028806429 0.0 -2.489929135655306 -0.9287376028806429 0.3707377307417161 0.0 -6.85504738136834 0.0 0.0 1.0 0.0
1736885959270415 -0.37028226194930225 -0.9289192895433425 0.0 -2.5396043412881886 -0.9289192895433425 0.37028226194930225 0.0 -6.9830902504990995 0.0 0.0 1.0 0.0
1736885959519859 -0.3735848112446054 -0.9275960267311048 0.0 -2.5888130334917703 -0.9275960267311048 0.3735848112446054 0.0 -7.119456740059533 0.0 0.0 1.0 0.0
1736885959769294 -0.37303698298965926 -0.9278164739440513 0.0 -2.645302486798351 -0.9278164739440513 0.37303698298965926 0.0 -7.254151700958881 0.0 0.0 1.0 0.0
1736885960018557 -0.3728486476771895 -0.9278921736523543 0.0 -2.6864963754940714 -0.9278921736523543 0.3728486476771895 0.0 -7.381262857151391 0.0 0.0 1.0 0.0
1736885960267487 -0.37376671965952885 -0.9275227432656059 0.0 -2.7323915073631038 -0.9275227432656059 0.37376671965952885 0.0 -7.509117382378474 0.0 0.0 1.0 0.0
1736885960516626 -0.3756752148897938 -0.926751386790172 0.0 -2.7835953412123926 -0.926751386790172 0.3756752148897938 0.0 -7.644483087859592 0.0 0.0 1.0 0.0
1736885960765760 -0.37209298571530924 -0.9281954589317201 0.0 -2.8350083463680447 -0.9281954589317201 0.37209298571530924 0.0 -7.793274811032912 0.0 0.0 1.0 0.0
1736885961015341 -0.37064865298894734 -0.9287731563936797 0.0 -2.890868367829681 -0.9287731563936797 0.37064865298894734 0.0 -7.934497468026737 0.0 0.0 1.0 0.0
1736885961265258 -0.3708203393568701 -0.9287046225357423 0.0 -2.942211610192075 -0.9287046225357423 0.3708203393568701 0.0 -8.07374035339766 0.0 0.0 1.0 0.0
1736885961514929 -0.3675345330919892 -0.9300098746706151 0.0 -3.0086864170489442 -0.9300098746706151 0.3675345330919892 0.0 -8.213594171322043 0.0 0.0 1.0 0.0
1736885961764525 -0.3683015130847857 -0.9297064028280418 0.0 -3.053075337275001 -0.9297064028280418 0.3683015130847857 0.0 -8.359516310092495 0.0 0.0 1.0 0.0
1736885962014482 -0.3723193220898941 -0.9281046936625854 0.0 -3.0911564928683775 -0.9281046936625854 0.3723193220898941 0.0 -8.509207089724974 0.0 0.0 1.0 0.0
1736885962263791 -0.35618385463771673 -0.9344158933234268 0.0 -3.1539664798851708 -0.9344158933234268 0.35618385463771673 0.0 -8.65324398792071 0.0 0.0 1.0 0.0
1736885962512484 -0.29420434129702183 -0.9557425414629118 0.0 -3.2161311660813316 -0.9557425414629118 0.29420434129702183 0.0 -8.786869202110356 0.0 0.0 1.0 0.0
1736885962763344 -0.28057705543947026 -0.959831503942706 0.0 -3.2333552417959046 -0.959831503942706 0.28057705543947026 0.0 -8.917231742021077 0.0 0.0 1.0 0.0
1736885963014812 -0.2875393016318579 -0.9577688395521455 0.0 -3.2787583395139297 -0.9577688395521455 0.2875393016318579 0.0 -9.060306173290709 0.0 0.0 1.0 0.0
1736885963264912 -0.28278441656312886 -0.9591834932634377 0.0 -3.3309118361453507 -0.9591834932634377 0.28278441656312886 0.0 -9.21567349331416 0.0 0.0 1.0 0.0
1736885963514618 -0.28146508527867964 -0.959571469859888 0.0 -3.3682181125741835 -0.959571469859888 0.28146508527867964 0.0 -9.395825538213991 0.0 0.0 1.0 0.0
1736885963764333 -0.2739217805342269 -0.9617519733013077 0.0 -3.4329156114009947 -0.9617519733013077 0.2739217805342269 0.0 -9.582775430341078 0.0 0.0 1.0 0.0
1736885964014840 -0.2714035871073972 -0.9624656320644586 0.0 -3.4899154353754924 -0.9624656320644586 0.2714035871073972 0.0 -9.777048090316372 0.0 0.0 1.0 0.0
1736885964265484 -0.26712454642143285 -0.9636620137263604 0.0 -3.5469119806489577 -0.9636620137263604 0.26712454642143285 0.0 -9.969320810366453 0.0 0.0 1.0 0.0
1736885964515336 -0.26378943104660396 -0.964580290109698 0.0 -3.5950665540802555 -0.964580290109698 0.26378943104660396 0.0 -10.156371375790473 0.0 0.0 1.0 0.0
1736885964764390 -0.2594202978731121 -0.965764520497324 0.0 -3.6462588929224373 -0.965764520497324 0.2594202978731121 0.0 -10.351197530600883 0.0 0.0 1.0 0.0
1736885965013480 -0.256234016614877 -0.9666147778352073 0.0 -3.7067793051066915 -0.9666147778352073 0.256234016614877 0.0 -10.541175028614921 0.0 0.0 1.0 0.0
1736885965262344 -0.25115003930162916 -0.9679481689423202 0.0 -3.746088102876968 -0.9679481689423202 0.25115003930162916 0.0 -10.721632350900443 0.0 0.0 1.0 0.0
1736885965512680 -0.2823404647249569 -0.9593142665356832 0.0 -3.773833733040432 -0.9593142665356832 0.2823404647249569 0.0 -10.905717314080553 0.0 0.0 1.0 0.0
1736885965762149 -0.2948221772561694 -0.9555521355729012 0.0 -3.8224657037957206 -0.9555521355729012 0.2948221772561694 0.0 -11.09627617790532 0.0 0.0 1.0 0.0
1736885966010777 -0.28436081175607947 -0.9587173351605904 0.0 -3.8679101489453434 -0.9587173351605904 0.28436081175607947 0.0 -11.272862275364105 0.0 0.0 1.0 0.0
1736885966260598 -0.28386522191788005 -0.9588641904803374 0.0 -3.920613595690505 -0.9588641904803374 0.28386522191788005 0.0 -11.45917370481952 0.0 0.0 1.0 0.0
1736885966510124 -0.2812021745417467 -0.9596485487057193 0.0 -3.983252191439741 -0.9596485487057193 0.2812021745417467 0.0 -11.659297902686914 0.0 0.0 1.0 0.0
1736885966759799 -0.28768654466191035 -0.9577246222273347 0.0 -4.030312277116057 -0.9577246222273347 0.28768654466191035 0.0 -11.852606119896484 0.0 0.0 1.0 0.0
1736885967008804 -0.293334206970207 -0.95600995968722 0.0 -4.077421320865928 -0.95600995968722 0.293334206970207 0.0 -12.034563222404499 0.0 0.0 1.0 0.0
1736885967257783 -0.30847940624218273 -0.9512310213215666 0.0 -4.125367547540098 -0.9512310213215666 0.30847940624218273 0.0 -12.201273747089738 0.0 0.0 1.0 0.0
1736885967506484 -0.31783686945555956 -0.9481454131169383 0.0 -4.172653150245744 -0.9481454131169383 0.31783686945555956 0.0 -12.367870010260086 0.0 0.0 1.0 0.0
1736885967754818 -0.31326186864937466 -0.9496667845356612 0.0 -4.227916543411954 -0.9496667845356612 0.31326186864937466 0.0 -12.542121269248145 0.0 0.0 1.0 0.0
1736885968003683 -0.31684719800737277 -0.948476595976346 0.0 -4.278263942161149 -0.948476595976346 0.31684719800737277 0.0 -12.716836144712868 0.0 0.0 1.0 0.0
1736885968252171 -0.31304281308667237 -0.9497390152956668 0.0 -4.335775276422745 -0.9497390152956668 0.31304281308667237 0.0 -12.885871101483701 0.0 0.0 1.0 0.0
1736885968501473 -0.31567624778496783 -0.9488669593701763 0.0 -4.399192437959172 -0.9488669593701763 0.31567624778496783 0.0 -13.068302118638952 0.0 0.0 1.0 0.0
1736885968751104 -0.3134613470653424 -0.9496009603491253 0.0 -4.466947821533339 -0.9496009603491253 0.3134613470653424 0.0 -13.253511539020618 0.0 0.0 1.0 0.0
1736885969001496 -0.316977650180962 -0.9484330072734477 0.0 -4.536805577159212 -0.9484330072734477 0.316977650180962 0.0 -13.427065876065473 0.0 0.0 1.0 0.0
1736885969251293 -0.31438300921600715 -0.9492962253776679 0.0 -4.599725902615899 -0.9492962253776679 0.31438300921600715 0.0 -13.598065730371294 0.0 0.0 1.0 0.0
1736885969501147 -0.3179664147956658 -0.9481019771427495 0.0 -4.662014518079529 -0.9481019771427495 0.3179664147956658 0.0 -13.7640834929654 0.0 0.0 1.0 0.0
1736885969750788 -0.31657097021529523 -0.9485688276645753 0.0 -4.70647162462898 -0.9485688276645753 0.31657097021529523 0.0 -13.935034236907983 0.0 0.0 1.0 0.0
1736885970000930 -0.3150150898339534 -0.9490866626272368 0.0 -4.765535764574421 -0.9490866626272368 0.3150150898339534 0.0 -14.110923539322322 0.0 0.0 1.0 0.0
1736885970251047 -0.3141182599383339 -0.9493838627095541 0.0 -4.82154232864794 -0.9493838627095541 0.3141182599383339 0.0 -14.282509206265473 0.0 0.0 1.0 0.0
1736885970500784 -0.31136906558884975 -0.9502890639138845 0.0 -4.876873211348597 -0.9502890639138845 0.31136906558884975 0.0 -14.457665442917358 0.0 0.0 1.0 0.0
1736885970750717 -0.3145008052142898 -0.9492572061983852 0.0 -4.937102320888481 -0.9492572061983852 0.3145008052142898 0.0 -14.628095382644288 0.0 0.0 1.0 0.0
1736885971000461 -0.31335325842527406 -0.9496366333678706 0.0 -4.986823951833698 -0.9496366333678706 0.31335325842527406 0.0 -14.796181911507041 0.0 0.0 1.0 0.0
1736885971250698 -0.31440088631802143 -0.9492903047447828 0.0 -5.043135351082557 -0.9492903047447828 0.31440088631802143 0.0 -14.973559674648321 0.0 0.0 1.0 0.0
1736885971500770 -0.3128839423367988 -0.9497913658418794 0.0 -5.0923518167245305 -0.9497913658418794 0.3128839423367988 0.0 -15.150171397473356 0.0 0.0 1.0 0.0
1736885971750991 -0.31536754985948023 -0.9489696035678005 0.0 -5.145390975833785 -0.9489696035678005 0.31536754985948023 0.0 -15.327375568298566 0.0 0.0 1.0 0.0
1736885972001413 -0.31548756948512613 -0.9489297094623858 0.0 -5.194379853830678 -0.9489297094623858 0.31548756948512613 0.0 -15.504430808513977 0.0 0.0 1.0 0.0
1736885972251760 -0.3159359516408744 -0.9487805196465489 0.0 -5.255619975658567 -0.9487805196465489 0.3159359516408744 0.0 -15.675054886335362 0.0 0.0 1.0 0.0
1736885972501724 -0.3146412887064885 -0.9492106507204395 0.0 -5.313793843954808 -0.9492106507204395 0.3146412887064885 0.0 -15.860754151284384 0.0 0.0 1.0 0.0
1736885972751480 -0.315059752473513 -0.949071837308077 0.0 -5.3605970173144275 -0.949071837308077 0.315059752473513 0.0 -16.046957849081053 0.0 0.0 1.0 0.0
1736885973001078 -0.31172955461407914 -0.9501708713595192 0.0 -5.419545271276326 -0.9501708713595192 0.31172955461407914 0.0 -16.220645248598853 0.0 0.0 1.0 0.0
1736885973250869 -0.31052838479969375 -0.9505641073771371 0.0 -5.492070222778356 -0.9505641073771371 0.31052838479969375 0.0 -16.395915663607898 0.0 0.0 1.0 0.0
1736885973500902 -0.31096169951221697 -0.9504224436725355 0.0 -5.540426646066363 -0.9504224436725355 0.31096169951221697 0.0 -16.533870363044944 0.0 0.0 1.0 0.0
1736885973751031 -0.30628131504589773 -0.9519410465221865 0.0 -5.566740655361882 -0.9519410465221865 0.30628131504589773 0.0 -16.637116020738926 0.0 0.0 1.0 0.0
1736885974001612 -0.31053631298548867 -0.9505615173766392 0.0 -5.610049686565989 -0.9505615173766392 0.31053631298548867 0.0 -16.768707745025644 0.0 0.0 1.0 0.0
1736885974251670 -0.3079939389386905 -0.9513883190249028 0.0 -5.678483291774159 -0.9513883190249028 0.3079939389386905 0.0 -16.96063779226658 0.0 0.0 1.0 0.0
1736885974502017 -0.31145842207223445 -0.9502597809653285 0.0 -5.744258501329586 -0.9502597809653285 0.31145842207223445 0.0 -17.17009478879812 0.0 0.0 1.0 0.0
1736885974752309 -0.31013955327112136 -0.9506910420829626 0.0 -5.799189777585501 -0.9506910420829626 0.31013955327112136 0.0 -17.35825056011942 0.0 0.0 1.0 0.0
1736885975003017 -0.31088414078375043 -0.9504478160368139 0.0 -5.858746984069636 -0.9504478160368139 0.31088414078375043 0.0 -17.55003206800564 0.0 0.0 1.0 0.0
1736885975253202 -0.3049473984445937 -0.9523691953133903 0.0 -5.924061949909937 -0.9523691953133903 0.3049473984445937 0.0 -17.74570624048627 0.0 0.0 1.0 0.0
1736885975503475 -0.3069731935658776 -0.9517181612389071 0.0 -5.994007393928209 -0.9517181612389071 0.3069731935658776 0.0 -17.9461801438994 0.0 0.0 1.0 0.0
1736885975752730 -0.3031832927292534 -0.9529322594024446 0.0 -6.040958161897004 -0.9529322594024446 0.3031832927292534 0.0 -18.15970803029279 0.0 0.0 1.0 0.0
1736885976002392 -0.3044251687284188 -0.9525362547665438 0.0 -6.099031440443587 -0.9525362547665438 0.3044251687284188 0.0 -18.371143428606224 0.0 0.0 1.0 0.0
1736885976252593 -0.30164020951176107 -0.9534218289958024 0.0 -6.167620282737856 -0.9534218289958024 0.30164020951176107 0.0 -18.570931285416144 0.0 0.0 1.0 0.0
1736885976503280 -0.2979055445302175 -0.9545953522504469 0.0 -6.238167498857318 -0.9545953522504469 0.2979055445302175 0.0 -18.770265890574727 0.0 0.0 1.0 0.0
1736885976753845 -0.29856995207397813 -0.9543877533364218 0.0 -6.302284677761371 -0.9543877533364218 0.29856995207397813 0.0 -18.971846221189338 0.0 0.0 1.0 0.0
1736885977004096 -0.2971672367573681 -0.9548254465597314 0.0 -6.360125447125065 -0.9548254465597314 0.2971672367573681 0.0 -19.175206720418778 0.0 0.0 1.0 0.0
1736885977254455 -0.29503135376995604 -0.9554875720241824 0.0 -6.417634532002605 -0.9554875720241824 0.29503135376995604 0.0 -19.369334599004453 0.0 0.0 1.0 0.0
1736885977504801 -0.2891173585563125 -0.9572936607861878 0.0 -6.472671919852093 -0.9572936607861878 0.2891173585563125 0.0 -19.559563985605266 0.0 0.0 1.0 0.0
1736885977755217 -0.28871514311760843 -0.9574150438209017 0.0 -6.5475837956387 -0.9574150438209017 0.28871514311760843 0.0 -19.7675524645567 0.0 0.0 1.0 0.0
1736885978005357 -0.285853320286203 -0.9582733844166568 0.0 -6.604363827667453 -0.9582733844166568 0.285853320286203 0.0 -19.953453111235063 0.0 0.0 1.0 0.0
1736885978255942 -0.2861767400989186 -0.9581768487217568 0.0 -6.638387702137833 -0.9581768487217568 0.2861767400989186 0.0 -20.123303005078316 0.0 0.0 1.0 0.0
1736885978506296 -0.2837167369296958 -0.9589081359473212 0.0 -6.6999013355107655 -0.9589081359473212 0.2837167369296958 0.0 -20.308778967754844 0.0 0.0 1.0 0.0
1736885978756949 -0.28982305216052384 -0.9570802466023205 0.0 -6.754178390973423 -0.9570802466023205 0.28982305216052384 0.0 -20.490422922263573 0.0 0.0 1.0 0.0
1736885979006761 -0.2819907919161619 -0.9594171112058072 0.0 -6.791245890655714 -0.9594171112058072 0.2819907919161619 0.0 -20.6639545899806 0.0 0.0 1.0 0.0
1736885979257678 -0.28175831370817417 -0.9594854103405254 0.0 -6.847231470269508 -0.9594854103405254 0.28175831370817417 0.0 -20.85458480191648 0.0 0.0 1.0 0.0
1736885979508143 -0.2784211325567544 -0.9604590948842197 0.0 -6.924477728133684 -0.9604590948842197 0.2784211325567544 0.0 -21.0584291054061 0.0 0.0 1.0 0.0
1736885979758889 -0.2775631108656671 -0.9607074057623235 0.0 -6.993611202153978 -0.9607074057623235 0.2775631108656671 0.0 -21.27020035924739 0.0 0.0 1.0 0.0
1736885980008933 -0.27743100065692033 -0.960745564587472 0.0 -7.042565548163806 -0.960745564587472 0.27743100065692033 0.0 -21.501941618129564 0.0 0.0 1.0 0.0
1736885980258210 -0.2775578857589946 -0.9607089153604214 0.0 -7.116222980827456 -0.9607089153604214 0.2775578857589946 0.0 -21.712210073078847 0.0 0.0 1.0 0.0
1736885980507267 -0.27399955395824716 -0.9617298188320262 0.0 -7.189769876288439 -0.9617298188320262 0.27399955395824716 0.0 -21.913874185365884 0.0 0.0 1.0 0.0
1736885980756458 -0.27496911783906475 -0.9614530587786421 0.0 -7.25278365634303 -0.9614530587786421 0.27496911783906475 0.0 -22.13740874988346 0.0 0.0 1.0 0.0
1736885981005672 -0.2705365200054882 -0.9627097129162665 0.0 -7.302524373231024 -0.9627097129162665 0.2705365200054882 0.0 -22.34941602965294 0.0 0.0 1.0 0.0
1736885981255232 -0.2715998788580615 -0.9624102585718247 0.0 -7.350360958565577 -0.9624102585718247 0.2715998788580615 0.0 -22.579358140172992 0.0 0.0 1.0 0.0
1736885981504618 -0.2651842511848097 -0.9641977561286648 0.0 -7.4140170857281635 -0.9641977561286648 0.2651842511848097 0.0 -22.801351447714662 0.0 0.0 1.0 0.0
1736885981754330 -0.26713403878997904 -0.9636593824167096 0.0 -7.4682835634005835 -0.9636593824167096 0.26713403878997904 0.0 -22.999320433201255 0.0 0.0 1.0 0.0
1736885982003132 -0.26300319956187235 -0.9647949611291604 0.0 -7.535087188213984 -0.9647949611291604 0.26300319956187235 0.0 -23.21966394916589 0.0 0.0 1.0 0.0
1736885982251753 -0.2647133897524891 -0.9643271339570131 0.0 -7.613165563608013 -0.9643271339570131 0.2647133897524891 0.0 -23.447651754961964 0.0 0.0 1.0 0.0
1736885982500937 -0.2626224190346594 -0.9648986812201497 0.0 -7.66556988643498 -0.9648986812201497 0.2626224190346594 0.0 -23.666602761336613 0.0 0.0 1.0 0.0
1736885982750365 -0.2647975517092388 -0.9643040270624164 0.0 -7.713004680135521 -0.9643040270624164 0.2647975517092388 0.0 -23.88802463671087 0.0 0.0 1.0 0.0
1736885982999386 -0.25870568608461186 -0.9659561936172315 0.0 -7.78213770463176 -0.9659561936172315 0.25870568608461186 0.0 -24.10300866307535 0.0 0.0 1.0 0.0
1736885983249200 -0.26155184370070755 -0.9651894285873426 0.0 -7.842784635540365 -0.9651894285873426 0.26155184370070755 0.0 -24.309659067034488 0.0 0.0 1.0 0.0
1736885983498706 -0.2541604398508424 -0.9671620706039017 0.0 -7.9064005740736665 -0.9671620706039017 0.2541604398508424 0.0 -24.52701478651866 0.0 0.0 1.0 0.0
1736885983748885 -0.25372644580465464 -0.9672760157779877 0.0 -7.9680025832789525 -0.9672760157779877 0.25372644580465464 0.0 -24.7475318085793 0.0 0.0 1.0 0.0
1736885983998323 -0.2472848232990952 -0.9689428343127037 0.0 -8.044807793914279 -0.9689428343127037 0.2472848232990952 0.0 -24.95392206741875 0.0 0.0 1.0 0.0
1736885984247838 -0.24917177525041118 -0.9684593055046551 0.0 -8.118641986040318 -0.9684593055046551 0.24917177525041118 0.0 -25.167923284665697 0.0 0.0 1.0 0.0
1736885984496834 -0.25208788368286217 -0.9677043447770068 0.0 -8.136308075446816 -0.9677043447770068 0.25208788368286217 0.0 -25.394176052827113 0.0 0.0 1.0 0.0
1736885984745650 -0.24580439836942822 -0.9693194508221961 0.0 -8.201085533595164 -0.9693194508221961 0.24580439836942822 0.0 -25.60658631775489 0.0 0.0 1.0 0.0
1736885984995396 -0.24808242727032895 -0.9687389273068685 0.0 -8.28289000995143 -0.9687389273068685 0.24808242727032895 0.0 -25.82864162658063 0.0 0.0 1.0 0.0
1736885985244684 -0.24243805470795768 -0.9701668875144223 0.0 -8.335165667362647 -0.9701668875144223 0.24243805470795768 0.0 -26.03793336953309 0.0 0.0 1.0 0.0
1736885985494276 -0.24645200845627635 -0.9691549966480427 0.0 -8.395468114330095 -0.9691549966480427 0.24645200845627635 0.0 -26.2496993627402 0.0 0.0 1.0 0.0
