1736885355213037 -0.969995622787258 0.24312238023999314 0.0 0.0 0.24312238023999314 0.969995622787258 0.0 0.0 0.0 0.0 1.0 0.0
1736885355461994 -0.25693634396087495 0.966428329030156 0.0 -0.006352255525275249 0.966428329030156 0.25693634396087495 0.0 -0.003616453107524761 0.0 0.0 1.0 0.0
1736885355711607 -0.2561429335178601 0.9666389179051635 0.0 -0.01508871766040638 0.9666389179051635 0.2561429335178601 0.0 -0.010223396100581863 0.0 0.0 1.0 0.0
1736885355961970 -0.2552293413619999 0.9668805424187209 0.0 -0.01535446044742846 0.9668805424187209 0.2552293413619999 0.0 -0.012356292760603828 0.0 0.0 1.0 0.0
1736885356212209 -0.2543887435041303 0.9671020458971175 0.0 -0.014153329263733621 0.9671020458971175 0.2543887435041303 0.0 -0.013751192214244734 0.0 0.0 1.0 0.0
1736885356462361 -0.2535105085638621 0.9673326325766604 0.0 -0.01530706928095364 0.9673326325766604 0.2535105085638621 0.0 -0.015893623684672745 0.0 0.0 1.0 0.0
1736885356712354 -0.25254237259565515 0.9675858360082363 0.0 -0.013969816239388807 0.9675858360082363 0.25254237259565515 0.0 -0.016461115317861083 0.0 0.0 1.0 0.0
1736885356962015 -0.25180017171825997 0.9677792483426451 0.0 -0.013060710051186869 0.9677792483426451 0.25180017171825997 0.0 -0.017787284852397334 0.0 0.0 1.0 0.0
1736885357211566 -0.25111234863281057 0.9679579476217519 0.0 -0.012227739695225831 0.9679579476217519 0.25111234863281057 0.0 -0.01800623772503424 0.0 0.0 1.0 0.0
1736885357460932 -0.25039512731707875 0.9681437291104376 0.0 -0.0110746148827657 0.9681437291104376 0.25039512731707875 0.0 -0.018956382022181268 0.0 0.0 1.0 0.0
1736885357710450 -0.2497415311579647 0.9683125361239912 0.0 -0.011571720416342692 0.9683125361239912 0.2497415311579647 0.0 -0.019309755848940034 0.0 0.0 1.0 0.0
1736885357960138 -0.25014380214349113 0.9682086956070981 0.0 -0.013261930880750474 0.9682086956070981 0.25014380214349113 0.0 -0.01786200936022155 0.0 0.0 1.0 0.0
1736885358209608 -0.2498765542617721 0.9682777017107561 0.0 -0.012243829434382172 0.9682777017107561 0.2498765542617721 0.0 -0.015615501676747415 0.0 0.0 1.0 0.0
1736885358459012 -0.24974224231362588 0.9683123527065854 0.0 -0.011310228552563858 0.9683123527065854 0.24974224231362588 0.0 -0.014842275946882288 0.0 0.0 1.0 0.0
1736885358708382 -0.24957168754196218 0.9683563253149419 0.0 -0.014240179928201483 0.9683563253149419 0.24957168754196218 0.0 -0.015435789511261615 0.0 0.0 1.0 0.0
1736885358958604 -0.24936839902051153 0.9684086955257822 0.0 -0.01538659400831823 0.9684086955257822 0.24936839902051153 0.0 -0.015010992358394514 0.0 0.0 1.0 0.0
1736885359210126 -0.24926003034488015 0.9684365943480604 0.0 -0.01492244746528718 0.9684365943480604 0.24926003034488015 0.0 -0.013826872912356049 0.0 0.0 1.0 0.0
1736885359461679 -0.2493114074051981 0.9684233692645173 0.0 -0.013198031938527482 0.9684233692645173 0.2493114074051981 0.0 -0.012766887759295907 0.0 0.0 1.0 0.0
1736885359712725 -0.2493974399652098 0.9684012169234403 0.0 -0.011667735168683739 0.9684012169234403 0.2493974399652098 0.0 -0.011303854038082714 0.0 0.0 1.0 0.0
1736885359962831 -0.24925150129202445 0.9684387895492789 0.0 -0.011374417906171245 0.9684387895492789 0.24925150129202445 0.0 -0.008469012769923796 0.0 0.0 1.0 0.0
1736885360212735 -0.24925090798834545 0.9684389422503547 0.0 -0.012266876467452708 0.9684389422503547 0.24925090798834545 0.0 -0.007083305275690911 0.0 0.0 1.0 0.0
1736885360462567 -0.24922626911208973 0.9684452833198521 0.0 -0.014593325448752354 0.9684452833198521 0.24922626911208973 0.0 -0.0068124650994230585 0.0 0.0 1.0 0.0
1736885360711905 -0.24903272353757622 0.9684950710289947 0.0 -0.014825666652408104 0.9684950710289947 0.24903272353757622 0.0 -0.006034080635451541 0.0 0.0 1.0 0.0
1736885360961290 -0.24877542174394365 0.9685611955556155 0.0 -0.013794954009337002 0.9685611955556155 0.24877542174394365 0.0 -0.004969006011640894 0.0 0.0 1.0 0.0
1736885361210516 -0.24886389866956612 0.968538465905709 0.0 -0.014368989336280865 0.968538465905709 0.24886389866956612 0.0 -0.002836267020468886 0.0 0.0 1.0 0.0
1736885361459779 -0.24892979434902315 0.9685215317613509 0.0 -0.01641769560593025 0.9685215317613509 0.24892979434902315 0.0 -0.000967175992751993 0.0 0.0 1.0 0.0
1736885361709101 -0.24878834284161927 0.9685578766734186 0.0 -0.016168240478163627 0.9685578766734186 0.24878834284161927 0.0 0.0014130496182403274 0.0 0.0 1.0 0.0
1736885361958673 -0.248714532411896 0.9685768329704837 0.0 -0.016440942673106453 0.9685768329704837 0.248714532411896 0.0 0.0036685009859759718 0.0 0.0 1.0 0.0
1736885362208688 -0.24860901233377464 0.9686039226569472 0.0 -0.017646639965006983 0.9686039226569472 0.24860901233377464 0.0 0.003813096849206995 0.0 0.0 1.0 0.0
1736885362458790 -0.24844504833561315 0.9686459920721889 0.0 -0.017603867624715504 0.9686459920721889 0.24844504833561315 0.0 0.004318150101523391 0.0 0.0 1.0 0.0
1736885362709075 -0.24862775779122262 0.9685991111165184 0.0 -0.018849968766708334 0.9685991111165184 0.24862775779122262 0.0 0.006412942285704701 0.0 0.0 1.0 0.0
1736885362959397 -0.24843511515368374 0.9686485397493645 0.0 -0.019426342667151524 0.9686485397493645 0.24843511515368374 0.0 0.009219578331253654 0.0 0.0 1.0 0.0
1736885363209349 -0.24843165956691782 0.9686494260179105 0.0 -0.0201135454778653 0.9686494260179105 0.24843165956691782 0.0 0.011219206329106501 0.0 0.0 1.0 0.0
1736885363459239 -0.24852657750261453 0.9686250772485901 0.0 -0.021107717344628706 0.9686250772485901 0.24852657750261453 0.0 0.011940257099165666 0.0 0.0 1.0 0.0
1736885363708999 -0.24864551086726072 0.9685945539417198 0.0 -0.02228628219954922 0.9685945539417198 0.24864551086726072 0.0 0.012004838113207615 0.0 0.0 1.0 0.0
1736885363958768 -0.24861283147866023 0.9686029423990843 0.0 -0.02335018707435587 0.9686029423990843 0.24861283147866023 0.0 0.013274253804149984 0.0 0.0 1.0 0.0
1736885364208485 -0.24864814861873105 0.9685938768072395 0.0 -0.024986069384470396 0.9685938768072395 0.24864814861873105 0.0 0.014494209210476438 0.0 0.0 1.0 0.0
1736885364457849 -0.24868665065592088 0.9685839921171217 0.0 -0.025920364508885223 0.9685839921171217 0.24868665065592088 0.0 0.016421859190298656 0.0 0.0 1.0 0.0
1736885364707554 -0.24880330116180713 0.9685540342856392 0.0 -0.024956933624954544 0.9685540342856392 0.24880330116180713 0.0 0.020384530187115946 0.0 0.0 1.0 0.0
1736885364956919 -0.2487528300332655 0.9685669979668117 0.0 -0.025877712948255534 0.9685669979668117 0.2487528300332655 0.0 0.020327875329110647 0.0 0.0 1.0 0.0
1736885365206194 -0.2487928287419729 0.9685567243928296 0.0 -0.027941229374451673 0.9685567243928296 0.2487928287419729 0.0 0.02017994159290969 0.0 0.0 1.0 0.0
1736885365455743 -0.24899659636540988 0.9685043598241783 0.0 -0.028510729647200174 0.9685043598241783 0.24899659636540988 0.0 0.023685411307483667 0.0 0.0 1.0 0.0
1736885365705183 -0.24882060501998998 0.9685495890853945 0.0 -0.02784147797044132 0.9685495890853945 0.24882060501998998 0.0 0.0263826389726334 0.0 0.0 1.0 0.0
1736885365954984 -0.24883801530918243 0.968545116211417 0.0 -0.029283788931429976 0.968545116211417 0.24883801530918243 0.0 0.028122377960389296 0.0 0.0 1.0 0.0
1736885366204679 -0.2488842894491452 0.9685332263094512 0.0 -0.029815350572610654 0.9685332263094512 0.2488842894491452 0.0 0.028881077674822186 0.0 0.0 1.0 0.0
1736885366454182 -0.24901269852916752 0.9685002199128415 0.0 -0.02921775649438275 0.9685002199128415 0.24901269852916752 0.0 0.03078213986416167 0.0 0.0 1.0 0.0
1736885366703878 -0.2491017297607533 0.9684773245823575 0.0 -0.030400534692885606 0.9684773245823575 0.2491017297607533 0.0 0.03342062597252738 0.0 0.0 1.0 0.0
1736885366953753 -0.24920863437071739 0.9684498213924573 0.0 -0.03129535841805426 0.9684498213924573 0.24920863437071739 0.0 0.03593402868095165 0.0 0.0 1.0 0.0
1736885367203508 -0.2493193562189496 0.9684213228830564 0.0 -0.03198618352259901 0.9684213228830564 0.2493193562189496 0.0 0.03688075874010977 0.0 0.0 1.0 0.0
1736885367453055 -0.2492917187626045 0.9684284377053303 0.0 -0.03260969714897237 0.9684284377053303 0.2492917187626045 0.0 0.03918338309392107 0.0 0.0 1.0 0.0
1736885367702558 -0.24919428443814196 0.9684535139093475 0.0 -0.034288797047503684 0.9684535139093475 0.24919428443814196 0.0 0.04137587305097692 0.0 0.0 1.0 0.0
1736885367952360 -0.24931170485995044 0.9684232926875651 0.0 -0.03396112647204034 0.9684232926875651 0.24931170485995044 0.0 0.04238698643134605 0.0 0.0 1.0 0.0
1736885368201927 -0.24913423706231916 0.9684689628085024 0.0 -0.03363078696997053 0.9684689628085024 0.24913423706231916 0.0 0.04446471697956544 0.0 0.0 1.0 0.0
1736885368451409 -0.24923179909935955 0.9684438601786357 0.0 -0.03494108794475649 0.9684438601786357 0.24923179909935955 0.0 0.047178120663343676 0.0 0.0 1.0 0.0
1736885368700687 -0.24907223477665727 0.9684849104985385 0.0 -0.036350572500945644 0.9684849104985385 0.24907223477665727 0.0 0.050035443095729 0.0 0.0 1.0 0.0
1736885368950367 -0.2490203366732114 0.9684982560248423 0.0 -0.036090947682690305 0.9684982560248423 0.2490203366732114 0.0 0.05009460033629504 0.0 0.0 1.0 0.0
1736885369200775 -0.24891086108468347 0.9685263977992968 0.0 -0.035080450334602255 0.9685263977992968 0.24891086108468347 0.0 0.05091542257937061 0.0 0.0 1.0 0.0
1736885369451148 -0.2488262710989675 0.9685481334507767 0.0 -0.03619794131162945 0.9685481334507767 0.2488262710989675 0.0 0.05227515244979259 0.0 0.0 1.0 0.0
1736885369701856 -0.24897500948521586 0.9685099094236655 0.0 -0.03718016708585595 0.9685099094236655 0.24897500948521586 0.0 0.05450463613044052 0.0 0.0 1.0 0.0
1736885369953046 -0.24919642021332786 0.9684529643471916 0.0 -0.03727113091910929 0.9684529643471916 0.24919642021332786 0.0 0.05694001264124882 0.0 0.0 1.0 0.0
1736885370204504 -0.2492111539866313 0.968449173022855 0.0 -0.03627556708517468 0.968449173022855 0.2492111539866313 0.0 0.05870875841354651 0.0 0.0 1.0 0.0
1736885370455548 -0.249042319059323 0.9684926036462822 0.0 -0.03586936042713294 0.9684926036462822 0.249042319059323 0.0 0.05976485212111605 0.0 0.0 1.0 0.0
1736885370706377 -0.248881566449867 0.9685339260353562 0.0 -0.03764126959939324 0.9685339260353562 0.248881566449867 0.0 0.060112293056292745 0.0 0.0 1.0 0.0
1736885370956614 -0.2488545337267608 0.9685408721595785 0.0 -0.038569641735719556 0.9685408721595785 0.2488545337267608 0.0 0.06384165807692603 0.0 0.0 1.0 0.0
1736885371206029 -0.24902508523961933 0.9684970350607175 0.0 -0.039873168678754935 0.9684970350607175 0.24902508523961933 0.0 0.06615873855315398 0.0 0.0 1.0 0.0
1736885371455307 -0.24885294893372067 0.9685412793510617 0.0 -0.04001697528452942 0.9685412793510617 0.24885294893372067 0.0 0.0685627614848517 0.0 0.0 1.0 0.0
1736885371704666 -0.2490159521893309 0.9684993833530516 0.0 -0.03881166017970934 0.9684993833530516 0.2490159521893309 0.0 0.07016199752398537 0.0 0.0 1.0 0.0
1736885371953851 -0.24882347730788376 0.9685488511894552 0.0 -0.04008365745234729 0.9685488511894552 0.24882347730788376 0.0 0.069613492192702 0.0 0.0 1.0 0.0
1736885372203334 -0.2488696828296412 0.968536979659669 0.0 -0.04202273450568893 0.968536979659669 0.2488696828296412 0.0 0.07062889951552773 0.0 0.0 1.0 0.0
1736885372453484 -0.2488058360480585 0.9685533831175372 0.0 -0.043117334604173364 0.9685533831175372 0.2488058360480585 0.0 0.0717943026522889 0.0 0.0 1.0 0.0
1736885372704043 -0.24869919572503638 0.9685807710489199 0.0 -0.04325946769057229 0.9685807710489199 0.24869919572503638 0.0 0.07251703263199494 0.0 0.0 1.0 0.0
1736885372954835 -0.24865878865912644 0.9685911453356242 0.0 -0.04290085733733056 0.9685911453356242 0.24865878865912644 0.0 0.07369774942597732 0.0 0.0 1.0 0.0
1736885373205767 -0.24848223634553013 0.9686364530724231 0.0 -0.04322720379517079 0.9686364530724231 0.24848223634553013 0.0 0.07422890894123702 0.0 0.0 1.0 0.0
1736885373456481 -0.2484229192614998 0.9686516676213357 0.0 -0.04337730519596891 0.9686516676213357 0.2484229192614998 0.0 0.07771579726203776 0.0 0.0 1.0 0.0
1736885373706415 -0.2482053382382537 0.9687074429723529 0.0 -0.043453411294275913 0.9687074429723529 0.2482053382382537 0.0 0.08110544192336934 0.0 0.0 1.0 0.0
1736885373956161 -0.24834252286103334 0.9686722827349905 0.0 -0.04498187607556372 0.9686722827349905 0.24834252286103334 0.0 0.08102542688404045 0.0 0.0 1.0 0.0
1736885374205876 -0.2482267828145264 0.9687019481210669 0.0 -0.04599211336027273 0.9687019481210669 0.2482267828145264 0.0 0.08378877628749683 0.0 0.0 1.0 0.0
1736885374455177 -0.2482474799234837 0.9686966443173217 0.0 -0.0467956934518381 0.9686966443173217 0.2482474799234837 0.0 0.08831453986232733 0.0 0.0 1.0 0.0
1736885374704296 -0.24854528933455944 0.9686202760367968 0.0 -0.04607320356495846 0.9686202760367968 0.24854528933455944 0.0 0.09355003714764987 0.0 0.0 1.0 0.0
1736885374953315 -0.24873463240623106 0.968571671401625 0.0 -0.04547274699496793 0.968571671401625 0.24873463240623106 0.0 0.09516585669260805 0.0 0.0 1.0 0.0
1736885375202279 -0.24870766596812233 0.9685785961338859 0.0 -0.04656776899557082 0.9685785961338859 0.24870766596812233 0.0 0.09472413633142697 0.0 0.0 1.0 0.0
1736885375451407 -0.2485522635087375 0.9686184864561915 0.0 -0.04767392239457605 0.9686184864561915 0.2485522635087375 0.0 0.09532987719279752 0.0 0.0 1.0 0.0
1736885375700863 -0.24850405801687556 0.9686308549437942 0.0 -0.048790629522017126 0.9686308549437942 0.24850405801687556 0.0 0.09647224406606943 0.0 0.0 1.0 0.0
1736885375950800 -0.2485423146582802 0.9686210393256512 0.0 -0.049728563672084454 0.9686210393256512 0.2485423146582802 0.0 0.09926073819675 0.0 0.0 1.0 0.0
1736885376201089 -0.24865895447792136 0.9685911027662537 0.0 -0.05087665058917348 0.9685911027662537 0.24865895447792136 0.0 0.10170075289622592 0.0 0.0 1.0 0.0
1736885376451612 -0.24871410473595895 0.9685769427904997 0.0 -0.05288732909053962 0.9685769427904997 0.24871410473595895 0.0 0.10384562745711987 0.0 0.0 1.0 0.0
1736885376701858 -0.2484721430300827 0.968639042232987 0.0 -0.05285582354315031 0.968639042232987 0.2484721430300827 0.0 0.10695839029217935 0.0 0.0 1.0 0.0
1736885376951639 -0.25179207978892004 0.9677813536928527 0.0 -0.06118938045644117 0.9677813536928527 0.25179207978892004 0.0 0.12461336319400622 0.0 0.0 1.0 0.0
1736885377201760 -0.25691291178379183 0.9664345584460305 0.0 -0.10025085097427926 0.9664345584460305 0.25691291178379183 0.0 0.23950371860225006 0.0 0.0 1.0 0.0
1736885377451841 -0.25639457304603247 0.9665722026380352 0.0 -0.16875643471294777 0.9665722026380352 0.25639457304603247 0.0 0.43789497721706183 0.0 0.0 1.0 0.0
1736885377701450 -0.263950169490444 0.9645363176293396 0.0 -0.2181899501361622 0.9645363176293396 0.263950169490444 0.0 0.6472631872126515 0.0 0.0 1.0 0.0
1736885377951374 -0.2665799863444662 0.9638127986702525 0.0 -0.26530589211540573 0.9638127986702525 0.2665799863444662 0.0 0.8388229689079695 0.0 0.0 1.0 0.0
1736885378201156 -0.26752811851101044 0.9635500536069515 0.0 -0.33120356764023867 0.9635500536069515 0.26752811851101044 0.0 1.013014998123304 0.0 0.0 1.0 0.0
1736885378450750 -0.2732255128593295 0.9619500086401355 0.0 -0.38048731661888324 0.9619500086401355 0.2732255128593295 0.0 1.213280383868056 0.0 0.0 1.0 0.0
1736885378700843 -0.2722055537137917 0.9622391264791555 0.0 -0.4386331672612236 0.9622391264791555 0.2722055537137917 0.0 1.399986782362383 0.0 0.0 1.0 0.0
1736885378951292 -0.2778016580953247 0.9606384537168438 0.0 -0.4754799706922676 0.9606384537168438 0.2778016580953247 0.0 1.5819895081562745 0.0 0.0 1.0 0.0
1736885379202302 -0.27573590482106203 0.9612334319989659 0.0 -0.5059433196081452 0.9612334319989659 0.27573590482106203 0.0 1.7233728932180272 0.0 0.0 1.0 0.0
1736885379452958 -0.27157754955524255 0.9624165598001575 0.0 -0.5572073381714568 0.9624165598001575 0.27157754955524255 0.0 1.8379900156955569 0.0 0.0 1.0 0.0
1736885379702966 -0.27323082657756725 0.9619484993531304 0.0 -0.5859195949667663 0.9619484993531304 0.27323082657756725 0.0 1.983017760741612 0.0 0.0 1.0 0.0
1736885379952838 -0.2750571103119002 0.9614278891663521 0.0 -0.6135903020144987 0.9614278891663521 0.2750571103119002 0.0 2.109899283512191 0.0 0.0 1.0 0.0
1736885380203098 -0.27490907014936217 0.9614702299861465 0.0 -0.6506998818648276 0.9614702299861465 0.27490907014936217 0.0 2.243838345082415 0.0 0.0 1.0 0.0
1736885380453598 -0.2731196861007726 0.9619800606375455 0.0 -0.6856845557669068 0.9619800606375455 0.2731196861007726 0.0 2.3914760668811246 0.0 0.0 1.0 0.0
1736885380703585 -0.2725876463566206 0.9621309552518089 0.0 -0.7370143086019016 0.9621309552518089 0.2725876463566206 0.0 2.5579757903011866 0.0 0.0 1.0 0.0
1736885380953685 -0.2689517381208318 0.963153654699905 0.0 -0.7937266536527348 0.963153654699905 0.2689517381208318 0.0 2.7354867570221 0.0 0.0 1.0 0.0
1736885381203398 -0.2716325938193009 0.962401025547562 0.0 -0.853015366566038 0.962401025547562 0.2716325938193009 0.0 2.9062337557622766 0.0 0.0 1.0 0.0
1736885381454053 -0.272789900559795 0.9620736303176476 0.0 -0.9131673822342788 0.9620736303176476 0.272789900559795 0.0 3.096934721863412 0.0 0.0 1.0 0.0
1736885381705872 -0.23885686642180198 0.9710547859740756 0.0 -0.9639747516678645 0.9710547859740756 0.23885686642180198 0.0 3.306332933337085 0.0 0.0 1.0 0.0
1736885381957508 -0.19203778028301516 0.981387533517709 0.0 -1.0086518594592053 0.981387533517709 0.19203778028301516 0.0 3.514741321744988 0.0 0.0 1.0 0.0
1736885382206416 -0.19469996511980828 0.9808628464685293 0.0 -1.0495188605296402 0.9808628464685293 0.19469996511980828 0.0 3.709298384329395 0.0 0.0 1.0 0.0
1736885382455445 -0.19524861224499693 0.9807537812399211 0.0 -1.086098545005238 0.9807537812399211 0.19524861224499693 0.0 3.893776669217604 0.0 0.0 1.0 0.0
1736885382704772 -0.20402757614731984 0.9789651414485859 0.0 -1.1144041983672959 0.9789651414485859 0.20402757614731984 0.0 4.064473116333099 0.0 0.0 1.0 0.0
1736885382954924 -0.19897947876762398 0.9800036566408131 0.0 -1.1513944759543961 0.9800036566408131 0.19897947876762398 0.0 4.22390372384869 0.0 0.0 1.0 0.0
1736885383204467 -0.2063281664858673 0.9784828499849041 0.0 -1.1850071810465632 0.9784828499849041 0.2063281664858673 0.0 4.3880217694469215 0.0 0.0 1.0 0.0
1736885383454475 -0.1965850733580356 0.9804867714216321 0.0 -1.219865660842879 0.9804867714216321 0.1965850733580356 0.0 4.559878196221826 0.0 0.0 1.0 0.0
1736885383704216 -0.19469304078714356 0.9808642209139121 0.0 -1.2656474264261266 0.9808642209139121 0.19469304078714356 0.0 4.725549528532227 0.0 0.0 1.0 0.0
1736885383953487 -0.19972097538160377 0.9798528113919054 0.0 -1.296707728486907 0.9798528113919054 0.19972097538160377 0.0 4.8818065779580735 0.0 0.0 1.0 0.0
1736885384203252 -0.19775455348541437 0.9802515680047569 0.0 -1.3177902657730414 0.9802515680047569 0.19775455348541437 0.0 5.0554691110560395 0.0 0.0 1.0 0.0
1736885384452514 -0.19942005544171051 0.9799140990350252 0.0 -1.3507736602800902 0.9799140990350252 0.19942005544171051 0.0 5.245589003423734 0.0 0.0 1.0 0.0
1736885384702017 -0.19369533334730593 0.981061729882211 0.0 -1.3858605925228933 0.981061729882211 0.19369533334730593 0.0 5.424709886297263 0.0 0.0 1.0 0.0
1736885384950669 -0.19154367156500374 0.981484091508058 0.0 -1.4306779156723248 0.981484091508058 0.19154367156500374 0.0 5.589339883008254 0.0 0.0 1.0 0.0
1736885385199337 -0.19354183122250607 0.9810920240054136 0.0 -1.4722760589424413 0.9810920240054136 0.19354183122250607 0.0 5.757972922682001 0.0 0.0 1.0 0.0
1736885385448446 -0.19745909569061879 0.9803111269025988 0.0 -1.4936872747458225 0.9803111269025988 0.19745909569061879 0.0 5.9327823865443 0.0 0.0 1.0 0.0
1736885385698151 -0.1970005583329636 0.9804033761755927 0.0 -1.512789144004614 0.9804033761755927 0.1970005583329636 0.0 6.103046878874553 0.0 0.0 1.0 0.0
1736885385948005 -0.19777831994981102 0.9802467730922813 0.0 -1.543645347395134 0.9802467730922813 0.19777831994981102 0.0 6.274374306712054 0.0 0.0 1.0 0.0
1736885386197601 -0.19229736619353746 0.9813367021338949 0.0 -1.6002659913610962 0.9813367021338949 0.19229736619353746 0.0 6.441128362480764 0.0 0.0 1.0 0.0
1736885386447199 -0.19404573954366128 0.9809924826240789 0.0 -1.642925182916348 0.9809924826240789 0.19404573954366128 0.0 6.617668454652751 0.0 0.0 1.0 0.0
1736885386697523 -0.19470584046099115 0.9808616802028608 0.0 -1.672022218946732 0.9808616802028608 0.19470584046099115 0.0 6.799969595150461 0.0 0.0 1.0 0.0
1736885386948472 -0.19488415731249295 0.9808262665878191 0.0 -1.7092591509557544 0.9808262665878191 0.19488415731249295 0.0 6.982945471190987 0.0 0.0 1.0 0.0
1736885387199356 -0.1923171297864543 0.9813328291617988 0.0 -1.7375515137805877 0.9813328291617988 0.1923171297864543 0.0 7.179498862842908 0.0 0.0 1.0 0.0
1736885387449607 -0.19347938556089928 0.9811043407115152 0.0 -1.7720038939336709 0.9811043407115152 0.19347938556089928 0.0 7.373276976700607 0.0 0.0 1.0 0.0
1736885387699413 -0.1930759014849186 0.9811838238912147 0.0 -1.8185255635335784 0.9811838238912147 0.1930759014849186 0.0 7.566621759335688 0.0 0.0 1.0 0.0
1736885387948996 -0.19493194035485334 0.9808167711807808 0.0 -1.8610560622040735 0.9808167711807808 0.19493194035485334 0.0 7.769926664084975 0.0 0.0 1.0 0.0
1736885388198730 -0.19167578499249527 0.9814582993930566 0.0 -1.9217397844197937 0.9814582993930566 0.19167578499249527 0.0 7.9568335782356625 0.0 0.0 1.0 0.0
1736885388447766 -0.19642534641275136 0.980518782730158 0.0 -1.9734058919465531 0.980518782730158 0.19642534641275136 0.0 8.155848114445616 0.0 0.0 1.0 0.0
1736885388697161 -0.19742688310255646 0.9803176147700344 0.0 -2.007561698149544 0.9803176147700344 0.19742688310255646 0.0 8.378789732106226 0.0 0.0 1.0 0.0
1736885388946858 -0.2033071088248948 0.9791150185250262 0.0 -2.054492438015083 0.9791150185250262 0.2033071088248948 0.0 8.595854689392226 0.0 0.0 1.0 0.0
1736885389197702 -0.19455892902906144 0.9808908314053429 0.0 -2.105580813106242 0.9808908314053429 0.19455892902906144 0.0 8.813639930355189 0.0 0.0 1.0 0.0
1736885389447579 -0.2067166803446987 0.9784008452915747 0.0 -2.1512685734308747 0.9784008452915747 0.2067166803446987 0.0 9.029170900079778 0.0 0.0 1.0 0.0
1736885389697973 -0.20956304979607102 0.9777951360894417 0.0 -2.197295945411235 0.9777951360894417 0.20956304979607102 0.0 9.232569499970595 0.0 0.0 1.0 0.0
1736885389948185 -0.21096746709493142 0.9774930832632778 0.0 -2.24090092238034 0.9774930832632778 0.21096746709493142 0.0 9.440182821115572 0.0 0.0 1.0 0.0
1736885390198199 -0.2086955060676475 0.9779806673688232 0.0 -2.276079783836377 0.9779806673688232 0.2086955060676475 0.0 9.658799256343372 0.0 0.0 1.0 0.0
1736885390447755 -0.21131192722167733 0.9774186766242299 0.0 -2.324967014515778 0.9774186766242299 0.21131192722167733 0.0 9.852269462173867 0.0 0.0 1.0 0.0
1736885390697417 -0.21886522528085187 0.9757550989683642 0.0 -2.3710286115004187 0.9757550989683642 0.21886522528085187 0.0 10.050482599092387 0.0 0.0 1.0 0.0
1736885390947566 -0.21374324537897585 0.9768898735552862 0.0 -2.4198553894408 0.9768898735552862 0.21374324537897585 0.0 10.262077047868477 0.0 0.0 1.0 0.0
1736885391197442 -0.21799007218634964 0.9759509866935893 0.0 -2.47334318270909 0.9759509866935893 0.21799007218634964 0.0 10.472276924017207 0.0 0.0 1.0 0.0
1736885391447874 -0.21884671761622743 0.9757592501168532 0.0 -2.519334864270725 0.9757592501168532 0.21884671761622743 0.0 10.680892451529957 0.0 0.0 1.0 0.0
1736885391698104 -0.224548336963296 0.9744629517672893 0.0 -2.559322423749271 0.9744629517672893 0.224548336963296 0.0 10.883648885491564 0.0 0.0 1.0 0.0
1736885391948234 -0.2253477521860109 0.9742783948054645 0.0 -2.613404806232455 0.9742783948054645 0.2253477521860109 0.0 11.072912727919661 0.0 0.0 1.0 0.0
1736885392198473 -0.22563935788222497 0.9742109012808764 0.0 -2.6721174893160717 0.9742109012808764 0.22563935788222497 0.0 11.263304604466182 0.0 0.0 1.0 0.0
1736885392448859 -0.22366344448217154 0.9746664370964925 0.0 -2.7303313563775813 0.9746664370964925 0.22366344448217154 0.0 11.460797841653656 0.0 0.0 1.0 0.0
1736885392698525 -0.2333446277662298 0.9723940994744055 0.0 -2.7768118368619095 0.9723940994744055 0.2333446277662298 0.0 11.667220749333326 0.0 0.0 1.0 0.0
1736885392948776 -0.23184273218690005 0.9727532819436353 0.0 -2.8214229924421925 0.9727532819436353 0.23184273218690005 0.0 11.87156525747804 0.0 0.0 1.0 0.0
1736885393198696 -0.23296061852983438 0.9724861696775936 0.0 -2.8799240893337954 0.9724861696775936 0.23296061852983438 0.0 12.082788534930792 0.0 0.0 1.0 0.0
1736885393448750 -0.23149546405161936 0.9728359831562182 0.0 -2.9476810240340985 0.9728359831562182 0.23149546405161936 0.0 12.327377536989042 0.0 0.0 1.0 0.0
1736885393698523 -0.23145705818862317 0.972845121391205 0.0 -3.021813960883839 0.972845121391205 0.23145705818862317 0.0 12.572792578519257 0.0 0.0 1.0 0.0
1736885393948265 -0.2349147368996249 0.9720159805205778 0.0 -3.0777798470393463 0.9720159805205778 0.2349147368996249 0.0 12.819083477620985 0.0 0.0 1.0 0.0
1736885394198148 -0.2331646910622497 0.9724372611340261 0.0 -3.149397449308018 0.9724372611340261 0.2331646910622497 0.0 13.046374125981389 0.0 0.0 1.0 0.0
1736885394447718 -0.23743644570532474 0.9714030750676172 0.0 -3.217334495120847 0.9714030750676172 0.23743644570532474 0.0 13.277478010138914 0.0 0.0 1.0 0.0
1736885394697124 -0.2384969428404258 0.9711432480616703 0.0 -3.2691798072580296 0.9711432480616703 0.2384969428404258 0.0 13.51203288070368 0.0 0.0 1.0 0.0
1736885394945873 -0.24877887449280478 0.9685603087088039 0.0 -3.316973955478819 0.9685603087088039 0.24877887449280478 0.0 13.7439493133665 0.0 0.0 1.0 0.0
1736885395195588 -0.24305857741299258 0.9700116122737772 0.0 -3.3708006439480114 0.9700116122737772 0.24305857741299258 0.0 13.98735760427105 0.0 0.0 1.0 0.0
1736885395444854 -0.2506854115128848 0.9680686052417029 0.0 -3.423871693096046 0.9680686052417029 0.2506854115128848 0.0 14.217894470725604 0.0 0.0 1.0 0.0
1736885395694816 -0.24859922909831011 0.9686064336415107 0.0 -3.472727433055201 0.9686064336415107 0.24859922909831011 0.0 14.453827912535 0.0 0.0 1.0 0.0
1736885395944385 -0.25530772673704083 0.9668598474796463 0.0 -3.5344130788652994 0.9668598474796463 0.25530772673704083 0.0 14.674617150574147 0.0 0.0 1.0 0.0
1736885396194086 -0.25150358695578223 0.9678563662798192 0.0 -3.607039619357013 0.9678563662798192 0.25150358695578223 0.0 14.880607306572406 0.0 0.0 1.0 0.0
1736885396443262 -0.26129721625778835 0.9652583927508379 0.0 -3.6600282936339705 0.9652583927508379 0.26129721625778835 0.0 15.096877302363259 0.0 0.0 1.0 0.0
1736885396693453 -0.2572190745762363 0.9663531174856037 0.0 -3.716785877167742 0.9663531174856037 0.2572190745762363 0.0 15.30999515361081 0.0 0.0 1.0 0.0
1736885396943375 -0.26084020838973465 0.9653819895187605 0.0 -3.78871926666575 0.9653819895187605 0.26084020838973465 0.0 15.53560688425679 0.0 0.0 1.0 0.0
1736885397193674 -0.25964627664398116 0.9657037905201146 0.0 -3.848160462382704 0.9657037905201146 0.25964627664398116 0.0 15.771616837496962 0.0 0.0 1.0 0.0
1736885397443348 -0.2620911419916013 0.9650431250931425 0.0 -3.910562269834634 0.9650431250931425 0.2620911419916013 0.0 16.00143634659072 0.0 0.0 1.0 0.0
1736885397693128 -0.2608475012862588 0.9653800189939273 0.0 -3.9783339420755053 0.9653800189939273 0.2608475012862588 0.0 16.23021090339139 0.0 0.0 1.0 0.0
1736885397942798 -0.2597796753001585 0.9656679140889711 0.0 -4.058482908598964 0.9656679140889711 0.2597796753001585 0.0 16.446118101804668 0.0 0.0 1.0 0.0
1736885398192301 -0.26557254965395305 0.9640908779105313 0.0 -4.120095902452917 0.9640908779105313 0.26557254965395305 0.0 16.667202646383107 0.0 0.0 1.0 0.0
1736885398441663 -0.269390708127205 0.963030968543963 0.0 -4.175894594687805 0.963030968543963 0.269390708127205 0.0 16.89010743655213 0.0 0.0 1.0 0.0
1736885398691352 -0.2692892443249952 0.9630593454667647 0.0 -4.23742367386742 0.9630593454667647 0.2692892443249952 0.0 17.105129857972738 0.0 0.0 1.0 0.0
1736885398941299 -0.27207484223222955 0.9622760935533563 0.0 -4.291165054785531 0.9622760935533563 0.27207484223222955 0.0 17.32096694993019 0.0 0.0 1.0 0.0
1736885399191842 -0.2700208624118164 0.9628544717985056 0.0 -4.35428394506694 0.9628544717985056 0.2700208624118164 0.0 17.536814122906794 0.0 0.0 1.0 0.0
1736885399441779 -0.2744880385041087 0.9615905140537563 0.0 -4.404700210328687 0.9615905140537563 0.2744880385041087 0.0 17.739535314975367 0.0 0.0 1.0 0.0
1736885399692009 -0.2735517777495475 0.9618572788569324 0.0 -4.462393512227307 0.9618572788569324 0.2735517777495475 0.0 17.928826372020215 0.0 0.0 1.0 0.0
1736885399942110 -0.274302776886478 0.9616433780733726 0.0 -4.531045977182457 0.9616433780733726 0.274302776886478 0.0 18.12792790397772 0.0 0.0 1.0 0.0
1736885400191918 -0.2754584509192931 0.9613129780758938 0.0 -4.581165248855757 0.9613129780758938 0.2754584509192931 0.0 18.32282583935704 0.0 0.0 1.0 0.0
1736885400441693 -0.2773010482183053 0.9607830809589797 0.0 -4.644169580944093 0.9607830809589797 0.2773010482183053 0.0 18.51123448153788 0.0 0.0 1.0 0.0
1736885400691586 -0.2763944512675649 0.9610442795774303 0.0 -4.71295016440995 0.9610442795774303 0.2763944512675649 0.0 18.703981578155737 0.0 0.0 1.0 0.0
1736885400941711 -0.27816878707588855 0.9605322097133075 0.0 -4.7643569493707005 0.9605322097133075 0.27816878707588855 0.0 18.904766219899944 0.0 0.0 1.0 0.0
1736885401191621 -0.2809917399780949 0.9597101864959457 0.0 -4.820310594899062 0.9597101864959457 0.2809917399780949 0.0 19.0971164105878 0.0 0.0 1.0 0.0
1736885401441349 -0.2781064773316906 0.9605502523377724 0.0 -4.875820745330181 0.9605502523377724 0.2781064773316906 0.0 19.277178332349017 0.0 0.0 1.0 0.0
1736885401690619 -0.28114457368761725 0.959665425388457 0.0 -4.934951542191157 0.959665425388457 0.28114457368761725 0.0 19.47207889163002 0.0 0.0 1.0 0.0
1736885401940428 -0.2828028590822128 0.9591780558868757 0.0 -4.995332413810582 0.9591780558868757 0.2828028590822128 0.0 19.669997048821777 0.0 0.0 1.0 0.0
1736885402190628 -0.28446948561415175 0.9586850951978028 0.0 -5.050952402134337 0.9586850951978028 0.28446948561415175 0.0 19.862723867128334 0.0 0.0 1.0 0.0
1736885402440758 -0.2842847770293873 0.9587398841966218 0.0 -5.110703063142082 0.9587398841966218 0.2842847770293873 0.0 20.052902413861883 0.0 0.0 1.0 0.0
1736885402690692 -0.2876813463207219 0.9577261837180275 0.0 -5.1712201289295185 0.9577261837180275 0.2876813463207219 0.0 20.233340474744573 0.0 0.0 1.0 0.0
1736885402940505 -0.29066650234142405 0.9568244271634181 0.0 -5.2247731307728955 0.9568244271634181 0.29066650234142405 0.0 20.424065595984572 0.0 0.0 1.0 0.0
1736885403190613 -0.2922468654583918 0.956342914246634 0.0 -5.271990436563369 0.956342914246634 0.2922468654583918 0.0 20.61418925034419 0.0 0.0 1.0 0.0
1736885403440749 -0.29196642340992807 0.9564285690009552 0.0 -5.333598897420736 0.9564285690009552 0.29196642340992807 0.0 20.800187840640653 0.0 0.0 1.0 0.0
1736885403690688 -0.2954644751778152 0.9553537271125803 0.0 -5.393196115661757 0.9553537271125803 0.2954644751778152 0.0 20.99176683544836 0.0 0.0 1.0 0.0
1736885403941454 -0.2901040749411535 0.956995102235397 0.0 -5.465375903092073 0.956995102235397 0.2901040749411535 0.0 21.18139334966543 0.0 0.0 1.0 0.0
1736885404191998 -0.2953599159867645 0.9553860581086012 0.0 -5.52438977634395 0.9553860581086012 0.2953599159867645 0.0 21.37895460301579 0.0 0.0 1.0 0.0
1736885404442427 -0.29446013809164573 0.9556637625624659 0.0 -5.569858031709937 0.9556637625624659 0.29446013809164573 0.0 21.568319405267168 0.0 0.0 1.0 0.0
1736885404691890 -0.3007261125532013 0.9537105458306727 0.0 -5.635503762205361 0.9537105458306727 0.3007261125532013 0.0 21.757314607694607 0.0 0.0 1.0 0.0
1736885404940940 -0.299259841211475 0.9541716551219089 0.0 -5.701112227848395 0.9541716551219089 0.299259841211475 0.0 21.956989791777595 0.0 0.0 1.0 0.0
1736885405190002 -0.29810518574032996 0.95453302626715 0.0 -5.759673128103062 0.95453302626715 0.29810518574032996 0.0 22.16186059286147 0.0 0.0 1.0 0.0
1736885405439520 -0.30186530041733495 0.9533505863028313 0.0 -5.826664771225307 0.9533505863028313 0.30186530041733495 0.0 22.361518824752327 0.0 0.0 1.0 0.0
1736885405688879 -0.3027213566769956 0.9530791049076878 0.0 -5.875956692728882 0.9530791049076878 0.3027213566769956 0.0 22.564425143091242 0.0 0.0 1.0 0.0
1736885405937848 -0.3043325453308157 0.9525658517144456 0.0 -5.953719055601907 0.9525658517144456 0.3043325453308157 0.0 22.767723256056133 0.0 0.0 1.0 0.0
1736885406186523 -0.3051604818586233 0.9523009399931374 0.0 -6.032391247047582 0.9523009399931374 0.3051604818586233 0.0 22.963926987115357 0.0 0.0 1.0 0.0
1736885406436031 -0.3014874568456842 0.9534701428805843 0.0 -6.079528195546872 0.9534701428805843 0.3014874568456842 0.0 23.154317508601643 0.0 0.0 1.0 0.0
1736885406685714 -0.3058125567777103 0.9520917393387467 0.0 -6.150587714563516 0.9520917393387467 0.3058125567777103 0.0 23.33262658541386 0.0 0.0 1.0 0.0
1736885406935764 -0.3099278084720628 0.9507600925237158 0.0 -6.200137361369154 0.9507600925237158 0.3099278084720628 0.0 23.54038826142497 0.0 0.0 1.0 0.0
1736885407186208 -0.30897097675136626 0.9510714670966146 0.0 -6.264465747517776 0.9510714670966146 0.30897097675136626 0.0 23.756059896463587 0.0 0.0 1.0 0.0
1736885407436726 -0.30990215143512484 0.9507684557955639 0.0 -6.339502330613911 0.9507684557955639 0.30990215143512484 0.0 23.94676751970812 0.0 0.0 1.0 0.0
1736885407686999 -0.31319467621731006 0.9496889463340797 0.0 -6.411324077962114 0.9496889463340797 0.31319467621731006 0.0 24.157301735997045 0.0 0.0 1.0 0.0
1736885407937424 -0.3171871012226389 0.9483629805185247 0.0 -6.475323669384097 0.9483629805185247 0.3171871012226389 0.0 24.382653199504258 0.0 0.0 1.0 0.0
1736885408187588 -0.31702157079386956 0.948418327348954 0.0 -6.526547886422575 0.948418327348954 0.31702157079386956 0.0 24.590768932190418 0.0 0.0 1.0 0.0
1736885408437427 -0.31608127826507193 0.9487321147354074 0.0 -6.616721084165269 0.9487321147354074 0.31608127826507193 0.0 24.798898877913235 0.0 0.0 1.0 0.0
1736885408686181 -0.32101420061881863 0.9470743809231992 0.0 -6.691492574920629 0.9470743809231992 0.32101420061881863 0.0 25.00378895980836 0.0 0.0 1.0 0.0
1736885408935169 -0.32083545221580395 0.9471349495195923 0.0 -6.744963460429085 0.9471349495195923 0.32083545221580395 0.0 25.211083387573733 0.0 0.0 1.0 0.0
1736885409184842 -0.3253748365671095 0.9455851181828777 0.0 -6.799843406996715 0.9455851181828777 0.3253748365671095 0.0 25.434091918126363 0.0 0.0 1.0 0.0
1736885409435207 -0.31700891712371426 0.948422556914401 0.0 -6.880241616327983 0.948422556914401 0.31700891712371426 0.0 25.647843304049733 0.0 0.0 1.0 0.0
1736885409685266 -0.3257280002162905 0.9454635211763045 0.0 -6.961756786612546 0.9454635211763045 0.3257280002162905 0.0 25.8573020973695 0.0 0.0 1.0 0.0
1736885409935723 -0.32584066257184613 0.9454246996005237 0.0 -7.017703256093288 0.9454246996005237 0.32584066257184613 0.0 26.080851429156386 0.0 0.0 1.0 0.0
1736885410186263 -0.3287645029803048 0.9444119342639171 0.0 -7.076546951905973 0.9444119342639171 0.3287645029803048 0.0 26.29093218445396 0.0 0.0 1.0 0.0
1736885410436840 -0.324822512120548 0.9457749920671917 0.0 -7.155840367835345 0.9457749920671917 0.324822512120548 0.0 26.480245575689118 0.0 0.0 1.0 0.0
1736885410686865 -0.33281067508219503 0.942993666230762 0.0 -7.236379715587557 0.942993666230762 0.33281067508219503 0.0 26.710623947790566 0.0 0.0 1.0 0.0
1736885410937585 -0.32666554434814465 0.9451400013414576 0.0 -7.315142261877497 0.9451400013414576 0.32666554434814465 0.0 26.93534328316133 0.0 0.0 1.0 0.0
1736885411187590 -0.3338198559682818 0.9426368886062733 0.0 -7.385944036947154 0.9426368886062733 0.3338198559682818 0.0 27.135184833504088 0.0 0.0 1.0 0.0
1736885411437596 -0.3318810555303179 0.9433212416669531 0.0 -7.449456443622798 0.9433212416669531 0.3318810555303179 0.0 27.32830529649882 0.0 0.0 1.0 0.0
1736885411687733 -0.3309344101643324 0.9436537586261105 0.0 -7.524644957193868 0.9436537586261105 0.3309344101643324 0.0 27.51428686378481 0.0 0.0 1.0 0.0
1736885411937498 -0.3332114763925367 0.9428521156577557 0.0 -7.5779998672157305 0.9428521156577557 0.3332114763925367 0.0 27.717467285916253 0.0 0.0 1.0 0.0
1736885412187377 -0.33419918467218274 0.9425024694739258 0.0 -7.659281729429939 0.9425024694739258 0.33419918467218274 0.0 27.912347875378053 0.0 0.0 1.0 0.0
1736885412437489 -0.33578899330277284 0.9419372335653318 0.0 -7.733873613540617 0.9419372335653318 0.33578899330277284 0.0 28.122285947861386 0.0 0.0 1.0 0.0
1736885412687859 -0.3379985349433089 0.9411466359585933 0.0 -7.795445774809833 0.9411466359585933 0.3379985349433089 0.0 28.32554544640681 0.0 0.0 1.0 0.0
1736885412938144 -0.34154019822865034 0.9398671677391089 0.0 -7.872951529475742 0.9398671677391089 0.34154019822865034 0.0 28.523222958950996 0.0 0.0 1.0 0.0
1736885413187981 -0.34149428063843845 0.9398838525537266 0.0 -7.941177549656714 0.9398838525537266 0.34149428063843845 0.0 28.722018761563778 0.0 0.0 1.0 0.0
1736885413437769 -0.3445095483619117 0.9387828135876113 0.0 -8.012008117981223 0.9387828135876113 0.3445095483619117 0.0 28.902457874315612 0.0 0.0 1.0 0.0
1736885413687470 -0.3459855200770529 0.9382398520085422 0.0 -8.07496210307889 0.9382398520085422 0.3459855200770529 0.0 29.095200343563537 0.0 0.0 1.0 0.0
1736885413937622 -0.34282818113798436 0.9393981255131508 0.0 -8.144263588028393 0.9393981255131508 0.34282818113798436 0.0 29.294200429208797 0.0 0.0 1.0 0.0
1736885414187582 -0.34774952764983164 0.9375874711296642 0.0 -8.21665464895335 0.9375874711296642 0.34774952764983164 0.0 29.499635348193344 0.0 0.0 1.0 0.0
1736885414437620 -0.3422210087557614 0.9396194874342427 0.0 -8.318140801626736 0.9396194874342427 0.3422210087557614 0.0 29.696210616632353 0.0 0.0 1.0 0.0
1736885414686718 -0.34774581219651474 0.9375888491763255 0.0 -8.419712098823144 0.9375888491763255 0.34774581219651474 0.0 29.889973482268363 0.0 0.0 1.0 0.0
1736885414935963 -0.3496858286087844 0.9368670243263918 0.0 -8.474041217623807 0.9368670243263918 0.3496858286087844 0.0 30.10017755233793 0.0 0.0 1.0 0.0
1736885415185621 -0.34962317810314536 0.936890406255212 0.0 -8.543273715030029 0.936890406255212 0.34962317810314536 0.0 30.29794752210484 0.0 0.0 1.0 0.0
1736885415435241 -0.3551053418596572 0.9348262919830271 0.0 -8.621965748879456 0.9348262919830271 0.3551053418596572 0.0 30.493503140100078 0.0 0.0 1.0 0.0
1736885415684845 -0.35085376463718465 0.9364302621337667 0.0 -8.707441055399954 0.9364302621337667 0.35085376463718465 0.0 30.688907417668 0.0 0.0 1.0 0.0
1736885415934048 -0.35606689155270804 0.9344604693297582 0.0 -8.79316882129842 0.9344604693297582 0.35606689155270804 0.0 30.886305896502765 0.0 0.0 1.0 0.0
1736885416183394 -0.35413246767352147 0.9351952712345493 0.0 -8.861606571844492 0.9351952712345493 0.35413246767352147 0.0 31.09624613861188 0.0 0.0 1.0 0.0
1736885416433032 -0.3536238968669947 0.9353876947900273 0.0 -8.946364618909573 0.9353876947900273 0.3536238968669947 0.0 31.3001641964501 0.0 0.0 1.0 0.0
1736885416683052 -0.3569239521221003 0.9341334446435052 0.0 -9.039502097693905 0.9341334446435052 0.3569239521221003 0.0 31.485824305522183 0.0 0.0 1.0 0.0
1736885416932953 -0.3607462935083941 0.9326639865031541 0.0 -9.129089491995101 0.9326639865031541 0.3607462935083941 0.0 31.688361604069474 0.0 0.0 1.0 0.0
1736885417182855 -0.36325629011162586 0.9316892548990453 0.0 -9.206584944319694 0.9316892548990453 0.36325629011162586 0.0 31.90888239433938 0.0 0.0 1.0 0.0
1736885417432725 -0.36242156733874836 0.9320142743154339 0.0 -9.282948521761693 0.9320142743154339 0.36242156733874836 0.0 32.11111603769991 0.0 0.0 1.0 0.0
1736885417682759 -0.36628835041008434 0.9305013940633615 0.0 -9.36325082227068 0.9305013940633615 0.36628835041008434 0.0 32.301602613941384 0.0 0.0 1.0 0.0
1736885417933803 -0.3670718656311054 0.9301925851468069 0.0 -9.437557922315685 0.9301925851468069 0.3670718656311054 0.0 32.49615055354399 0.0 0.0 1.0 0.0
1736885418184577 -0.36955154959055403 0.9292102303543693 0.0 -9.502448824110141 0.9292102303543693 0.36955154959055403 0.0 32.691846924263 0.0 0.0 1.0 0.0
