1738179782274343 -0.9998513367206734 0.01724251889611367 0.0 0.0 0.01724251889611367 0.9998513367206734 0.0 0.0 0.0 0.0 1.0 0.0
1738179782524316 -0.9998328925607788 0.018280780988423038 0.0 0.004765422941780997 0.018280780988423038 0.9998328925607788 0.0 -0.004588540342524841 0.0 0.0 1.0 0.0
1738179782774200 -0.9998146391204651 0.019253243893297276 0.0 0.01092480866379943 0.019253243893297276 0.9998146391204651 0.0 -0.005364500422123853 0.0 0.0 1.0 0.0
1738179783023936 -0.9997897775063601 0.020503677567287597 0.0 0.015156463329593719 0.020503677567287597 0.9997897775063601 0.0 -0.006059781692303973 0.0 0.0 1.0 0.0
1738179783274200 -0.9997682657151133 0.021527072931418558 0.0 0.015073119155759903 0.021527072931418558 0.9997682657151133 0.0 -0.009687917840941076 0.0 0.0 1.0 0.0
1738179783524199 -0.999743010503884 0.02266964818057624 0.0 0.023318012760847877 0.02266964818057624 0.999743010503884 0.0 -0.009411676066562276 0.0 0.0 1.0 0.0
1738179783774283 -0.9997179511383327 0.023749066755861928 0.0 0.03273356864739467 0.023749066755861928 0.9997179511383327 0.0 -0.013671592136866187 0.0 0.0 1.0 0.0
1738179784024239 -0.9996928976693276 0.02478124995846011 0.0 0.03719850292377825 0.02478124995846011 0.9996928976693276 0.0 -0.016432491897039273 0.0 0.0 1.0 0.0
1738179784274325 -0.9996619425098924 0.02600001341055261 0.0 0.042449846746053496 0.02600001341055261 0.9996619425098924 0.0 -0.015379914537454917 0.0 0.0 1.0 0.0
1738179784524540 -0.999638030813728 0.026903667981380053 0.0 0.0421449043751017 0.026903667981380053 0.999638030813728 0.0 -0.01497088935936997 0.0 0.0 1.0 0.0
1738179784774482 -0.9996126942001703 0.02782915007464836 0.0 0.04726757848313923 0.02782915007464836 0.9996126942001703 0.0 -0.013137210472644514 0.0 0.0 1.0 0.0
1738179785024239 -0.9995832533609772 0.028867275595123948 0.0 0.05039966048757099 0.028867275595123948 0.9995832533609772 0.0 -0.011303833836062194 0.0 0.0 1.0 0.0
1738179785273639 -0.999552369069741 0.02991757822866757 0.0 0.051882180303785906 0.02991757822866757 0.999552369069741 0.0 -0.014381510011598644 0.0 0.0 1.0 0.0
1738179785523163 -0.9995681961965062 0.029384028867112676 0.0 0.05159607660017435 0.029384028867112676 0.9995681961965062 0.0 -0.014060752964748256 0.0 0.0 1.0 0.0
1738179785772812 -0.9995687644887408 0.029364690675240047 0.0 0.049518754251051206 0.029364690675240047 0.9995687644887408 0.0 -0.009242201381856354 0.0 0.0 1.0 0.0
1738179786022755 -0.9995651483509331 0.029487526213257818 0.0 0.050653900243025296 0.029487526213257818 0.9995651483509331 0.0 -0.009989211504535751 0.0 0.0 1.0 0.0
1738179786272765 -0.9995669705141568 0.02942569382616771 0.0 0.05178702295182803 0.02942569382616771 0.9995669705141568 0.0 -0.011810850420394507 0.0 0.0 1.0 0.0
1738179786522551 -0.9995746753224399 0.029162792288106854 0.0 0.05426241812764483 0.029162792288106854 0.9995746753224399 0.0 -0.01191548414618874 0.0 0.0 1.0 0.0
1738179786772264 -0.9995764989026059 0.02910022064536708 0.0 0.056581376933456454 0.02910022064536708 0.9995764989026059 0.0 -0.010540373984354371 0.0 0.0 1.0 0.0
1738179787021687 -0.999572757465189 0.02922845417463468 0.0 0.05647641147351133 0.02922845417463468 0.999572757465189 0.0 -0.011796301673488893 0.0 0.0 1.0 0.0
1738179787271223 -0.9995721089876431 0.029250622796715205 0.0 0.05704618203721156 0.029250622796715205 0.9995721089876431 0.0 -0.011272904800106821 0.0 0.0 1.0 0.0
1738179787521307 -0.9995738946250167 0.029189538951078103 0.0 0.06012257886807791 0.029189538951078103 0.9995738946250167 0.0 -0.010499807528269454 0.0 0.0 1.0 0.0
1738179787771222 -0.999575276778538 0.029142169670590762 0.0 0.06418758498946806 0.029142169670590762 0.999575276778538 0.0 -0.011757867428112615 0.0 0.0 1.0 0.0
1738179788020822 -0.9995853306725292 0.0287952548919197 0.0 0.06482892383895883 0.0287952548919197 0.9995853306725292 0.0 -0.009455020151229026 0.0 0.0 1.0 0.0
1738179788270286 -0.9995842687285258 0.028832095145149474 0.0 0.06392162559954186 0.028832095145149474 0.9995842687285258 0.0 -0.010300231367888768 0.0 0.0 1.0 0.0
1738179788519609 -0.9995813717124766 0.02893235775743387 0.0 0.06669664749104892 0.02893235775743387 0.9995813717124766 0.0 -0.010268295279253617 0.0 0.0 1.0 0.0
1738179788769062 -0.9995826918842622 0.028886711225275398 0.0 0.06929133698281208 0.028886711225275398 0.9995826918842622 0.0 -0.008698024326370919 0.0 0.0 1.0 0.0
1738179789018453 -0.9995919766080988 0.028563618480759032 0.0 0.06795267514755238 0.028563618480759032 0.9995919766080988 0.0 -0.013615040195644388 0.0 0.0 1.0 0.0
1738179789268465 -0.9995911340005889 0.02859309055378792 0.0 0.06678366423566943 0.02859309055378792 0.9995911340005889 0.0 -0.014391824701036178 0.0 0.0 1.0 0.0
1738179789518407 -0.9995906348584263 0.028610534831221335 0.0 0.0650926618500528 0.028610534831221335 0.9995906348584263 0.0 -0.013429630760388132 0.0 0.0 1.0 0.0
1738179789768054 -0.9995921670570315 0.028556952887661836 0.0 0.06318938208481527 0.028556952887661836 0.9995921670570315 0.0 -0.015245727800525617 0.0 0.0 1.0 0.0
1738179790017971 -0.9995969210292722 0.028390059330673817 0.0 0.06802926567337214 0.028390059330673817 0.9995969210292722 0.0 -0.01412347615657839 0.0 0.0 1.0 0.0
1738179790267931 -0.9995978435056739 0.028357560875479658 0.0 0.07234616996823834 0.028357560875479658 0.9995978435056739 0.0 -0.0159060912150575 0.0 0.0 1.0 0.0
1738179790517741 -0.9996025555817438 0.02819097150591049 0.0 0.06750088971648714 0.02819097150591049 0.9996025555817438 0.0 -0.01602892035304801 0.0 0.0 1.0 0.0
1738179790767604 -0.9996008015516326 0.028253097836060927 0.0 0.0661490208760503 0.028253097836060927 0.9996008015516326 0.0 -0.013894974946618724 0.0 0.0 1.0 0.0
1738179791017617 -0.999601589704531 0.028225199028083934 0.0 0.06917345708831621 0.028225199028083934 0.999601589704531 0.0 -0.015570551415097014 0.0 0.0 1.0 0.0
1738179791267706 -0.999594735080714 0.02846692113519868 0.0 0.06953124636106729 0.02846692113519868 0.999594735080714 0.0 -0.016501485327981655 0.0 0.0 1.0 0.0
1738179791517186 -0.9995919302342873 0.028565241299386035 0.0 0.0717523929431128 0.028565241299386035 0.9995919302342873 0.0 -0.01712408661628037 0.0 0.0 1.0 0.0
1738179791766543 -0.9995906990091791 0.02860829345384275 0.0 0.07270185569397282 0.02860829345384275 0.9995906990091791 0.0 -0.016953539099653196 0.0 0.0 1.0 0.0
1738179792015878 -0.9995923247513706 0.028551432506108546 0.0 0.07808647336884485 0.028551432506108546 0.9995923247513706 0.0 -0.015351632896391267 0.0 0.0 1.0 0.0
1738179792264971 -0.9995929905617809 0.02852811279695687 0.0 0.07737350050736881 0.02852811279695687 0.9995929905617809 0.0 -0.017869859505882865 0.0 0.0 1.0 0.0
1738179792514308 -0.9995958684930375 0.028427094323028156 0.0 0.07352603429004936 0.028427094323028156 0.9995958684930375 0.0 -0.01752149053203134 0.0 0.0 1.0 0.0
1738179792763477 -0.9995971454732993 0.028382155690365292 0.0 0.07307527037633287 0.028382155690365292 0.9995971454732993 0.0 -0.015328432513225894 0.0 0.0 1.0 0.0
1738179793012856 -0.9995961908238589 0.028415757783878677 0.0 0.07435343468771298 0.028415757783878677 0.9995961908238589 0.0 -0.016108299841214258 0.0 0.0 1.0 0.0
1738179793262943 -0.999641098499217 0.026789441787372796 0.0 0.0585579665844107 0.026789441787372796 0.999641098499217 0.0 -0.026332382033791884 0.0 0.0 1.0 0.0
1738179793513006 -0.9998890120787784 0.014898440325245371 0.0 -0.09097418359029424 0.014898440325245371 0.9998890120787784 0.0 -0.027807708353986636 0.0 0.0 1.0 0.0
1738179793762691 -0.9999999112657457 0.00042127010410294204 0.0 -0.40916496822148374 0.00042127010410294204 0.9999999112657457 0.0 0.05461507536741328 0.0 0.0 1.0 0.0
1738179794012566 -0.9999977368328772 0.002127517126523315 0.0 -0.7978146135475134 0.002127517126523315 0.9999977368328772 0.0 0.1168222456192591 0.0 0.0 1.0 0.0
1738179794262195 -0.9999978104565064 0.002092625669604047 0.0 -1.0859076450613547 0.002092625669604047 0.9999978104565064 0.0 0.07998953233850861 0.0 0.0 1.0 0.0
1738179794511226 -0.999879736133864 -0.015508490219064143 0.0 -1.3122065963661764 -0.015508490219064143 0.999879736133864 0.0 0.09477500079431402 0.0 0.0 1.0 0.0
1738179794761474 -0.9999873981926516 -0.005020304362417914 0.0 -1.5031642642953564 -0.005020304362417914 0.9999873981926516 0.0 0.14486279163751187 0.0 0.0 1.0 0.0
1738179795011449 -0.9999920198304248 -0.003995031347446101 0.0 -1.6738528782297526 -0.003995031347446101 0.9999920198304248 0.0 0.1204091790115252 0.0 0.0 1.0 0.0
1738179795261134 -0.9999866655494373 0.005164176925489845 0.0 -1.9018741616640884 0.005164176925489845 0.9999866655494373 0.0 0.06732009740401541 0.0 0.0 1.0 0.0
1738179795510670 -0.9998819816607953 0.0153630319299692 0.0 -2.1505310344293878 0.0153630319299692 0.9998819816607953 0.0 0.04634977945876762 0.0 0.0 1.0 0.0
1738179795760203 -0.9997429510386971 0.022672270473809587 0.0 -2.422307846135583 0.022672270473809587 0.9997429510386971 0.0 0.02102728219044323 0.0 0.0 1.0 0.0
1738179796008727 -0.9996878745574578 0.02498306351896989 0.0 -2.6878869726762207 0.02498306351896989 0.9996878745574578 0.0 0.012446206791190028 0.0 0.0 1.0 0.0
1738179796256738 -0.9997941062737561 0.020291502168677516 0.0 -2.9215665278790066 0.020291502168677516 0.9997941062737561 0.0 0.016231792036091135 0.0 0.0 1.0 0.0
1738179796504835 -0.9999181161594846 0.012796912755340702 0.0 -3.0924657178450454 0.012796912755340702 0.9999181161594846 0.0 0.02041992204186331 0.0 0.0 1.0 0.0
1738179796753642 -0.9999544349791303 0.009546096876142208 0.0 -3.2796934219717957 0.009546096876142208 0.9999544349791303 0.0 0.04274372703610806 0.0 0.0 1.0 0.0
1738179797002845 -0.999934307188572 0.011462168525663221 0.0 -3.5110126205386787 0.011462168525663221 0.999934307188572 0.0 0.07022763254667688 0.0 0.0 1.0 0.0
1738179797251646 -0.999923994508221 0.012329039164649341 0.0 -3.807101781888865 0.012329039164649341 0.999923994508221 0.0 0.08496924252950856 0.0 0.0 1.0 0.0
1738179797500436 -0.9999709296899068 0.007624944268877629 0.0 -4.173739957162244 0.007624944268877629 0.9999709296899068 0.0 0.1115555934519293 0.0 0.0 1.0 0.0
1738179797749315 -0.9997444062045954 0.022608013239143344 0.0 -4.493162417673557 0.022608013239143344 0.9997444062045954 0.0 0.12877932635968325 0.0 0.0 1.0 0.0
1738179797996634 -0.9998611797743536 0.016661968078173224 0.0 -4.733264123261562 0.016661968078173224 0.9998611797743536 0.0 0.10519758896116828 0.0 0.0 1.0 0.0
1738179798244561 -0.999620462009117 0.02754871925661701 0.0 -4.996707063639975 0.02754871925661701 0.999620462009117 0.0 0.11894057159235942 0.0 0.0 1.0 0.0
1738179798491749 -0.9994705224094099 0.032537283762805555 0.0 -5.305903530223233 0.032537283762805555 0.9994705224094099 0.0 0.12687302766823735 0.0 0.0 1.0 0.0
1738179798739664 -0.9995263362062757 0.03077504232425141 0.0 -5.6073653162605375 0.03077504232425141 0.9995263362062757 0.0 0.10904371589068843 0.0 0.0 1.0 0.0
1738179798987842 -0.9996264819941894 0.027329407163732198 0.0 -5.821596656362036 0.027329407163732198 0.9996264819941894 0.0 0.08763977430059437 0.0 0.0 1.0 0.0
1738179799237400 -0.9993526404567996 0.0359763813080601 0.0 -5.9610491275298845 0.0359763813080601 0.9993526404567996 0.0 0.04875643077931459 0.0 0.0 1.0 0.0
1738179799487148 -0.9995194935517633 0.030996483833283177 0.0 -6.191540628260824 0.030996483833283177 0.9995194935517633 0.0 0.05521536058909629 0.0 0.0 1.0 0.0
1738179799738434 -0.9976641055144335 0.06831055971140423 0.0 -6.493835237615128 0.06831055971140423 0.9976641055144335 0.0 0.10288595961056177 0.0 0.0 1.0 0.0
1738179799990205 -0.992641396223815 0.12109111653145674 0.0 -6.753442157572656 0.12109111653145674 0.992641396223815 0.0 0.154708273751814 0.0 0.0 1.0 0.0
1738179800239247 -0.9916920867375094 0.12863438538044128 0.0 -6.986168042790219 0.12863438538044128 0.9916920867375094 0.0 0.17024270978482137 0.0 0.0 1.0 0.0
1738179800488244 -0.9924630476586261 0.12254427376320569 0.0 -7.191218289304591 0.12254427376320569 0.9924630476586261 0.0 0.1713171843357629 0.0 0.0 1.0 0.0
1738179800739141 -0.9912139069853559 0.1322686304413324 0.0 -7.373616268108243 0.1322686304413324 0.9912139069853559 0.0 0.20280002265673122 0.0 0.0 1.0 0.0
1738179800989569 -0.9907552385866714 0.1356615539239752 0.0 -7.536532971286904 0.1356615539239752 0.9907552385866714 0.0 0.1947162900340385 0.0 0.0 1.0 0.0
1738179801239063 -0.9903910670621947 0.138295098551638 0.0 -7.719339515317327 0.138295098551638 0.9903910670621947 0.0 0.2031600729172753 0.0 0.0 1.0 0.0
1738179801487727 -0.9918102162931882 0.1277203776085045 0.0 -7.96715852519978 0.1277203776085045 0.9918102162931882 0.0 0.28772715919989333 0.0 0.0 1.0 0.0
1738179801737839 -0.9909447506360651 0.1342702542889765 0.0 -8.187750480403896 0.1342702542889765 0.9909447506360651 0.0 0.33590924654952786 0.0 0.0 1.0 0.0
1738179801988352 -0.9909067710705954 0.13455025472456847 0.0 -8.368482729224977 0.13455025472456847 0.9909067710705954 0.0 0.3333235551970224 0.0 0.0 1.0 0.0
1738179802239490 -0.9875492007419746 0.15731044502475655 0.0 -8.572110088051234 0.15731044502475655 0.9875492007419746 0.0 0.36225438698392126 0.0 0.0 1.0 0.0
1738179802492629 -0.9681724268878763 0.25028414215455236 0.0 -8.806777568482492 0.25028414215455236 0.9681724268878763 0.0 0.4267953268259465 0.0 0.0 1.0 0.0
1738179802741425 -0.9653572981997202 0.26093157496274166 0.0 -9.055316520908379 0.26093157496274166 0.9653572981997202 0.0 0.5112982516012687 0.0 0.0 1.0 0.0
1738179802990470 -0.9661639331179722 0.2579287776538532 0.0 -9.256950856718076 0.2579287776538532 0.9661639331179722 0.0 0.6048436024634293 0.0 0.0 1.0 0.0
1738179803241181 -0.9651324968653338 0.2617618449936636 0.0 -9.427470104439438 0.2617618449936636 0.9651324968653338 0.0 0.6960535952632879 0.0 0.0 1.0 0.0
1738179803491953 -0.962285096383771 0.2720429989499394 0.0 -9.667395874690934 0.2720429989499394 0.962285096383771 0.0 0.7455845149094944 0.0 0.0 1.0 0.0
1738179803741594 -0.965655831068286 0.2598245868346917 0.0 -9.956890182869605 0.2598245868346917 0.965655831068286 0.0 0.8533309898875859 0.0 0.0 1.0 0.0
1738179803991734 -0.96384968684353 0.2664465822104486 0.0 -10.236219316959994 0.2664465822104486 0.96384968684353 0.0 0.9960547606213824 0.0 0.0 1.0 0.0
1738179804241925 -0.9628012287896478 0.2702106471646603 0.0 -10.526520372347786 0.2702106471646603 0.9628012287896478 0.0 1.0428780533027102 0.0 0.0 1.0 0.0
1738179804492732 -0.9617146106236055 0.274052928670881 0.0 -10.830174146099473 0.274052928670881 0.9617146106236055 0.0 1.0857951599951916 0.0 0.0 1.0 0.0
1738179804743936 -0.9572900933777485 0.2891291703042463 0.0 -11.11054938741997 0.2891291703042463 0.9572900933777485 0.0 1.1946707703199015 0.0 0.0 1.0 0.0
1738179804994823 -0.9544306157325596 0.2984329066178314 0.0 -11.364709943993171 0.2984329066178314 0.9544306157325596 0.0 1.2652458956622965 0.0 0.0 1.0 0.0
1738179805245259 -0.9511750603854425 0.30865191478549064 0.0 -11.622246701257376 0.30865191478549064 0.9511750603854425 0.0 1.3391914118476154 0.0 0.0 1.0 0.0
1738179805495250 -0.9479945420064089 0.3182865820704028 0.0 -11.888163642121162 0.3182865820704028 0.9479945420064089 0.0 1.451276151984378 0.0 0.0 1.0 0.0
1738179805745752 -0.9432028622547691 0.3322173394547776 0.0 -12.130615028100147 0.3322173394547776 0.9432028622547691 0.0 1.5587337049493217 0.0 0.0 1.0 0.0
1738179805997417 -0.9255159872910225 0.378708538679449 0.0 -12.387243426334624 0.378708538679449 0.9255159872910225 0.0 1.6425205161740573 0.0 0.0 1.0 0.0
1738179806247141 -0.9206431486909825 0.3904051648843202 0.0 -12.66030823814268 0.3904051648843202 0.9206431486909825 0.0 1.729499589435941 0.0 0.0 1.0 0.0
1738179806496271 -0.9197009423397527 0.39261963356328816 0.0 -12.925020044313017 0.39261963356328816 0.9197009423397527 0.0 1.8674611508337249 0.0 0.0 1.0 0.0
1738179806745598 -0.9196883466561704 0.392649137303063 0.0 -13.200399714245004 0.392649137303063 0.9196883466561704 0.0 2.0146106162770927 0.0 0.0 1.0 0.0
1738179806996095 -0.9112442115521683 0.4118664673321522 0.0 -13.476439863073637 0.4118664673321522 0.9112442115521683 0.0 2.124095104262825 0.0 0.0 1.0 0.0
1738179807245553 -0.9105877360248817 0.41331582960380303 0.0 -13.728637101722795 0.41331582960380303 0.9105877360248817 0.0 2.2220089956123017 0.0 0.0 1.0 0.0
1738179807495298 -0.9075500999916969 0.419943824820726 0.0 -13.945412147498056 0.419943824820726 0.9075500999916969 0.0 2.3242481002803297 0.0 0.0 1.0 0.0
1738179807744312 -0.9053893361575743 0.4245823241400265 0.0 -14.176621899761338 0.4245823241400265 0.9053893361575743 0.0 2.416023356260346 0.0 0.0 1.0 0.0
1738179807992408 -0.9042216889343426 0.42706338787201675 0.0 -14.430835873190402 0.42706338787201675 0.9042216889343426 0.0 2.524958207977613 0.0 0.0 1.0 0.0
1738179808240089 -0.9085202814743485 0.417840756927529 0.0 -14.687823895630158 0.417840756927529 0.9085202814743485 0.0 2.65585206745461 0.0 0.0 1.0 0.0
1738179808487755 -0.9187434070778858 0.39485510247547495 0.0 -14.943389565119606 0.39485510247547495 0.9187434070778858 0.0 2.7672316570686157 0.0 0.0 1.0 0.0
1738179808736559 -0.9251397241005939 0.37962677841674564 0.0 -15.20413856631051 0.37962677841674564 0.9251397241005939 0.0 2.847415951203794 0.0 0.0 1.0 0.0
1738179808986834 -0.9237048430713689 0.3831048980194556 0.0 -15.487930145466983 0.3831048980194556 0.9237048430713689 0.0 2.9405542980832813 0.0 0.0 1.0 0.0
1738179809236624 -0.9231812004850599 0.38436502321486465 0.0 -15.76301836147063 0.38436502321486465 0.9231812004850599 0.0 3.0406876292170315 0.0 0.0 1.0 0.0
1738179809486220 -0.922867475459496 0.38511767388554946 0.0 -15.993893686540533 0.38511767388554946 0.922867475459496 0.0 3.102251237090873 0.0 0.0 1.0 0.0
1738179809735243 -0.9230017976567367 0.38479563604910105 0.0 -16.247881781148738 0.38479563604910105 0.9230017976567367 0.0 3.17642362070239 0.0 0.0 1.0 0.0
1738179809984506 -0.9239182469407425 0.38258995408915925 0.0 -16.536970331046586 0.38258995408915925 0.9239182469407425 0.0 3.27876179603525 0.0 0.0 1.0 0.0
1738179810233798 -0.9269067041059508 0.3752918356205519 0.0 -16.78523005138311 0.3752918356205519 0.9269067041059508 0.0 3.333594261679089 0.0 0.0 1.0 0.0
1738179810484507 -0.9286656641803877 0.3709178941118902 0.0 -17.061803217261293 0.3709178941118902 0.9286656641803877 0.0 3.4246700116715973 0.0 0.0 1.0 0.0
1738179810735970 -0.9307210330126174 0.3657298985698683 0.0 -17.343822507584907 0.3657298985698683 0.9307210330126174 0.0 3.5403879970820924 0.0 0.0 1.0 0.0
1738179810987301 -0.9314755466034331 0.3638039390658593 0.0 -17.61993141296214 0.3638039390658593 0.9314755466034331 0.0 3.652864151171256 0.0 0.0 1.0 0.0
1738179811238041 -0.9348488067327281 0.3550460653920759 0.0 -17.908097238462556 0.3550460653920759 0.9348488067327281 0.0 3.784743569611186 0.0 0.0 1.0 0.0
1738179811488874 -0.9352634073502277 0.35395248109264876 0.0 -18.17092148082741 0.35395248109264876 0.9352634073502277 0.0 3.9228699208894433 0.0 0.0 1.0 0.0
1738179811739381 -0.9364419197601518 0.3508226488069454 0.0 -18.427964783818947 0.3508226488069454 0.9364419197601518 0.0 4.022201026236 0.0 0.0 1.0 0.0
1738179811990279 -0.938030996533273 0.3465513663842557 0.0 -18.687162924100253 0.3465513663842557 0.938030996533273 0.0 4.099487017023809 0.0 0.0 1.0 0.0
1738179812241307 -0.9381145504116454 0.34632512225646656 0.0 -18.92758115630692 0.34632512225646656 0.9381145504116454 0.0 4.19829820097609 0.0 0.0 1.0 0.0
1738179812491731 -0.9397231855326483 0.341936155696311 0.0 -19.188355485825127 0.341936155696311 0.9397231855326483 0.0 4.281543672516758 0.0 0.0 1.0 0.0
1738179812741928 -0.9405310105957841 0.33970784228167744 0.0 -19.459808660536012 0.33970784228167744 0.9405310105957841 0.0 4.382866443808309 0.0 0.0 1.0 0.0
1738179812991500 -0.9414677430060198 0.33710308346135187 0.0 -19.717102940427527 0.33710308346135187 0.9414677430060198 0.0 4.498851371770222 0.0 0.0 1.0 0.0
1738179813241688 -0.941630649675786 0.33664776783926137 0.0 -20.003143049864175 0.33664776783926137 0.941630649675786 0.0 4.595382450781939 0.0 0.0 1.0 0.0
1738179813492439 -0.9401349853996501 0.3408023022627631 0.0 -20.26450823260064 0.3408023022627631 0.9401349853996501 0.0 4.695595134502601 0.0 0.0 1.0 0.0
1738179813743268 -0.9365789290565923 0.350456715796982 0.0 -20.504653125576564 0.350456715796982 0.9365789290565923 0.0 4.804375741154022 0.0 0.0 1.0 0.0
1738179813994725 -0.9172690892490518 0.3982680227035743 0.0 -20.766879286166745 0.3982680227035743 0.9172690892490518 0.0 4.908206202079966 0.0 0.0 1.0 0.0
1738179814243081 -0.9216965797978852 0.38791160692724885 0.0 -21.05478810458822 0.38791160692724885 0.9216965797978852 0.0 5.024941605788667 0.0 0.0 1.0 0.0
1738179814492365 -0.9205216967477333 0.3906914457940868 0.0 -21.355664667786954 0.3906914457940868 0.9205216967477333 0.0 5.120720391114889 0.0 0.0 1.0 0.0
1738179814741242 -0.921600700547391 0.38813934192575494 0.0 -21.625482580139128 0.38813934192575494 0.921600700547391 0.0 5.259360548638037 0.0 0.0 1.0 0.0
1738179814990527 -0.9204317058783549 0.3909034085472542 0.0 -21.88901638937249 0.3909034085472542 0.9204317058783549 0.0 5.408093649131251 0.0 0.0 1.0 0.0
1738179815239829 -0.9190936436116417 0.39403917860115933 0.0 -22.164497847591186 0.39403917860115933 0.9190936436116417 0.0 5.516272407592586 0.0 0.0 1.0 0.0
1738179815489243 -0.9194506457691267 0.3932054297625297 0.0 -22.4283456208682 0.3932054297625297 0.9194506457691267 0.0 5.642383531747284 0.0 0.0 1.0 0.0
1738179815739416 -0.9184441632551844 0.395550652865703 0.0 -22.64671709894542 0.395550652865703 0.9184441632551844 0.0 5.755037294103045 0.0 0.0 1.0 0.0
1738179815989352 -0.9193486809235607 0.3934437734722826 0.0 -22.885255991634804 0.3934437734722826 0.9193486809235607 0.0 5.882047901908391 0.0 0.0 1.0 0.0
1738179816239248 -0.9190904942494832 0.394046524385434 0.0 -23.154533454284774 0.394046524385434 0.9190904942494832 0.0 6.00069604555288 0.0 0.0 1.0 0.0
1738179816488715 -0.9212451413423087 0.3889825054590364 0.0 -23.433551222800435 0.3889825054590364 0.9212451413423087 0.0 6.101021282418342 0.0 0.0 1.0 0.0
1738179816738125 -0.9230182886294455 0.3847560770872495 0.0 -23.692726631500047 0.3847560770872495 0.9230182886294455 0.0 6.23998127390051 0.0 0.0 1.0 0.0
1738179816988365 -0.9218246019014068 0.3876072797682116 0.0 -23.947520650391844 0.3876072797682116 0.9218246019014068 0.0 6.358581873475675 0.0 0.0 1.0 0.0
1738179817238286 -0.9235467971386079 0.38348574092789806 0.0 -24.239640447506478 0.38348574092789806 0.9235467971386079 0.0 6.458790479445397 0.0 0.0 1.0 0.0
1738179817487771 -0.9292870842562939 0.3693582475516629 0.0 -24.494709922479885 0.3693582475516629 0.9292870842562939 0.0 6.573260537712517 0.0 0.0 1.0 0.0
1738179817737534 -0.9323840610825904 0.36146917246030275 0.0 -24.74448368908351 0.36146917246030275 0.9323840610825904 0.0 6.680344566212871 0.0 0.0 1.0 0.0
1738179817986444 -0.9436941172134038 0.3308193058707645 0.0 -24.991126878433736 0.3308193058707645 0.9436941172134038 0.0 6.805836013189849 0.0 0.0 1.0 0.0
1738179818235878 -0.9538972930967485 0.3001332274552353 0.0 -25.212241669022664 0.3001332274552353 0.9538972930967485 0.0 6.931565033839912 0.0 0.0 1.0 0.0
1738179818485290 -0.9664816151408526 0.2567358323154931 0.0 -25.42251639047924 0.2567358323154931 0.9664816151408526 0.0 7.0224214802745895 0.0 0.0 1.0 0.0
1738179818733471 -0.9862780481262379 0.16509273692170226 0.0 -25.64215812166377 0.16509273692170226 0.9862780481262379 0.0 7.100044010527925 0.0 0.0 1.0 0.0
1738179818984276 -0.9948190185600849 0.10166179376318961 0.0 -25.864035915547984 0.10166179376318961 0.9948190185600849 0.0 7.152061780825503 0.0 0.0 1.0 0.0
1738179819235061 -0.9991391332792818 0.04148484482224431 0.0 -26.06517905323494 0.04148484482224431 0.9991391332792818 0.0 7.221690066810849 0.0 0.0 1.0 0.0
1738179819486746 -0.9999209616694245 0.012572605700239384 0.0 -26.271783701824905 0.012572605700239384 0.9999209616694245 0.0 7.287882722656877 0.0 0.0 1.0 0.0
1738179819738594 -0.9999879315375412 0.004912919627855164 0.0 -26.492443383903677 0.004912919627855164 0.9999879315375412 0.0 7.305012683656718 0.0 0.0 1.0 0.0
1738179819988597 -0.9998462946457884 -0.01753245798761052 0.0 -26.690838609390983 -0.01753245798761052 0.9998462946457884 0.0 7.346527706646059 0.0 0.0 1.0 0.0
1738179820236062 -0.9963571456669464 -0.08527859214606696 0.0 -26.86214951102931 -0.08527859214606696 0.9963571456669464 0.0 7.380358668032272 0.0 0.0 1.0 0.0
1738179820483635 -0.9872539995095394 -0.15915256973237465 0.0 -26.990876478481713 -0.15915256973237465 0.9872539995095394 0.0 7.400581776250683 0.0 0.0 1.0 0.0
1738179820733886 -0.9795753218263948 -0.20107756928288933 0.0 -27.109874634009003 -0.20107756928288933 0.9795753218263948 0.0 7.4584598912633835 0.0 0.0 1.0 0.0
1738179820983986 -0.9704928691310822 -0.2411298218091668 0.0 -27.178358417210124 -0.2411298218091668 0.9704928691310822 0.0 7.4740077333499695 0.0 0.0 1.0 0.0
1738179821233627 -0.9608355349870069 -0.27711924275703514 0.0 -27.512745028069695 -0.27711924275703514 0.9608355349870069 0.0 7.321420207794139 0.0 0.0 1.0 0.0
1738179821483305 -0.9521763561840287 -0.305548992346736 0.0 -27.95261245709347 -0.305548992346736 0.9521763561840287 0.0 7.063780480983132 0.0 0.0 1.0 0.0
1738179821733056 -0.9401480525155926 -0.34076625324573806 0.0 -28.192551789089585 -0.34076625324573806 0.9401480525155926 0.0 6.882603529387334 0.0 0.0 1.0 0.0
1738179821982943 -0.9259409672074879 -0.37766827408039144 0.0 -28.44457967746167 -0.37766827408039144 0.9259409672074879 0.0 6.804793838466158 0.0 0.0 1.0 0.0
1738179822233042 -0.915165819111911 -0.40307756515244664 0.0 -28.61124357522343 -0.40307756515244664 0.915165819111911 0.0 6.713941814580334 0.0 0.0 1.0 0.0
1738179822482668 -0.9038614773386552 -0.42782523275653517 0.0 -28.728888952349493 -0.42782523275653517 0.9038614773386552 0.0 6.598668973877486 0.0 0.0 1.0 0.0
1738179822731902 -0.8881998334526667 -0.4594573493314202 0.0 -28.90617141753541 -0.4594573493314202 0.8881998334526667 0.0 6.562746777824063 0.0 0.0 1.0 0.0
1738179822980793 -0.8656004075908298 -0.5007353935748792 0.0 -29.137778041252798 -0.5007353935748792 0.8656004075908298 0.0 6.490002699547334 0.0 0.0 1.0 0.0
1738179823230912 -0.8524806525248486 -0.5227587752212375 0.0 -29.389933437938467 -0.5227587752212375 0.8524806525248486 0.0 6.334661155082797 0.0 0.0 1.0 0.0
1738179823480922 -0.8359033294253693 -0.548876692760389 0.0 -29.612755710746917 -0.548876692760389 0.8359033294253693 0.0 6.190207995180724 0.0 0.0 1.0 0.0
1738179823730466 -0.8166656550450435 -0.5771110879803384 0.0 -29.821335314393654 -0.5771110879803384 0.8166656550450435 0.0 6.098770941483799 0.0 0.0 1.0 0.0
1738179823980429 -0.797700472519831 -0.603053858408715 0.0 -30.024718375421884 -0.603053858408715 0.797700472519831 0.0 5.986332598648864 0.0 0.0 1.0 0.0
1738179824230780 -0.7765412761985079 -0.6300663825026634 0.0 -30.192429514957436 -0.6300663825026634 0.7765412761985079 0.0 5.821707468746954 0.0 0.0 1.0 0.0
1738179824480901 -0.7450280262982962 -0.6670331626164214 0.0 -30.376237974381905 -0.6670331626164214 0.7450280262982962 0.0 5.686019660812553 0.0 0.0 1.0 0.0
1738179824731129 -0.7101784347211558 -0.7040217261256994 0.0 -30.55357382529832 -0.7040217261256994 0.7101784347211558 0.0 5.537582578042038 0.0 0.0 1.0 0.0
1738179824981357 -0.6698350805214375 -0.7425099089593616 0.0 -30.732142898632727 -0.7425099089593616 0.6698350805214375 0.0 5.36377165478535 0.0 0.0 1.0 0.0
1738179825232184 -0.6387395017497636 -0.769423062368463 0.0 -30.90811854334095 -0.769423062368463 0.6387395017497636 0.0 5.172791607180514 0.0 0.0 1.0 0.0
1738179825483805 -0.6248721022337794 -0.780727132774273 0.0 -31.02037788943796 -0.780727132774273 0.6248721022337794 0.0 4.97976025397731 0.0 0.0 1.0 0.0
1738179825735616 -0.618498420645862 -0.785786041908721 0.0 -31.14870463639121 -0.785786041908721 0.618498420645862 0.0 4.793687150614074 0.0 0.0 1.0 0.0
1738179825987174 -0.6135313870850169 -0.789670334419076 0.0 -31.315170441977987 -0.789670334419076 0.6135313870850169 0.0 4.586558163358674 0.0 0.0 1.0 0.0
1738179826238103 -0.6062217848401442 -0.795295635336464 0.0 -31.45052499334318 -0.795295635336464 0.6062217848401442 0.0 4.397735084973852 0.0 0.0 1.0 0.0
1738179826488201 -0.6004879980027337 -0.7996337688308749 0.0 -31.585395386633767 -0.7996337688308749 0.6004879980027337 0.0 4.230247792550883 0.0 0.0 1.0 0.0
1738179826738383 -0.5962691641296114 -0.8027845812596145 0.0 -31.740557268927855 -0.8027845812596145 0.5962691641296114 0.0 4.0384668821239575 0.0 0.0 1.0 0.0
1738179826988838 -0.5880493023999476 -0.8088250848897647 0.0 -31.88466444482279 -0.8088250848897647 0.5880493023999476 0.0 3.829999999958343 0.0 0.0 1.0 0.0
1738179827239294 -0.5846865561917929 -0.8112592871632234 0.0 -31.991195495771127 -0.8112592871632234 0.5846865561917929 0.0 3.6153034780663327 0.0 0.0 1.0 0.0
1738179827490116 -0.5793495600882484 -0.8150791907695553 0.0 -32.07321128747713 -0.8150791907695553 0.5793495600882484 0.0 3.430638850429663 0.0 0.0 1.0 0.0
1738179827741147 -0.5741119520300232 -0.8187768111862208 0.0 -32.2105379586495 -0.8187768111862208 0.5741119520300232 0.0 3.256235591492547 0.0 0.0 1.0 0.0
1738179827992177 -0.5704703638418103 -0.8213181868059373 0.0 -32.38398443798275 -0.8213181868059373 0.5704703638418103 0.0 3.0403582637044098 0.0 0.0 1.0 0.0
1738179828242699 -0.5581768483097946 -0.8297220052589569 0.0 -32.50919380798366 -0.8297220052589569 0.5581768483097946 0.0 2.853567993898373 0.0 0.0 1.0 0.0
1738179828493758 -0.5579068956942757 -0.8299035460442235 0.0 -32.63413257204046 -0.8299035460442235 0.5579068956942757 0.0 2.6649514771458755 0.0 0.0 1.0 0.0
1738179828744430 -0.5509362870854145 -0.8345473069709934 0.0 -32.785076416127524 -0.8345473069709934 0.5509362870854145 0.0 2.4556856909508915 0.0 0.0 1.0 0.0
1738179828994496 -0.547108355141856 -0.8370617944536548 0.0 -32.93775807150413 -0.8370617944536548 0.547108355141856 0.0 2.236616302130936 0.0 0.0 1.0 0.0
1738179829244297 -0.5424516572695782 -0.8400870190197489 0.0 -33.075145801553596 -0.8400870190197489 0.5424516572695782 0.0 2.03086875968784 0.0 0.0 1.0 0.0
1738179829493972 -0.5401554502393824 -0.8415652616266251 0.0 -33.183749023501406 -0.8415652616266251 0.5401554502393824 0.0 1.8297937324112876 0.0 0.0 1.0 0.0
1738179829742648 -0.5351931958006326 -0.8447296864492839 0.0 -33.30751996042892 -0.8447296864492839 0.5351931958006326 0.0 1.6171134537808016 0.0 0.0 1.0 0.0
1738179829991081 -0.5352467823639145 -0.844695733367392 0.0 -33.45364743731373 -0.844695733367392 0.5352467823639145 0.0 1.4075913122055894 0.0 0.0 1.0 0.0
1738179830239673 -0.5372572585474221 -0.8434184241158764 0.0 -33.5819594176178 -0.8434184241158764 0.5372572585474221 0.0 1.1992106520786694 0.0 0.0 1.0 0.0
1738179830489907 -0.5644635005470412 -0.8254580283395276 0.0 -33.7120802040608 -0.8254580283395276 0.5644635005470412 0.0 0.9923549152488345 0.0 0.0 1.0 0.0
1738179830740701 -0.6138127587792246 -0.7894516433321533 0.0 -33.861678887039716 -0.7894516433321533 0.6138127587792246 0.0 0.766970036237697 0.0 0.0 1.0 0.0
1738179830987945 -0.6032056693663596 -0.7975856821961401 0.0 -34.00216172823624 -0.7975856821961401 0.6032056693663596 0.0 0.5601021750307245 0.0 0.0 1.0 0.0
1738179831236638 -0.6079039421516448 -0.7940105774588206 0.0 -34.150964430565466 -0.7940105774588206 0.6079039421516448 0.0 0.38086493640350383 0.0 0.0 1.0 0.0
1738179831485062 -0.6097156800001196 -0.7926202051184362 0.0 -34.30105542546634 -0.7926202051184362 0.6097156800001196 0.0 0.2004942177085009 0.0 0.0 1.0 0.0
1738179831733586 -0.6087224722743146 -0.7933832313253453 0.0 -34.42514799998994 -0.7933832313253453 0.6087224722743146 0.0 0.008634557877611873 0.0 0.0 1.0 0.0
1738179831982445 -0.6096945214143309 -0.7926364807131641 0.0 -34.5797438559736 -0.7926364807131641 0.6096945214143309 0.0 -0.1711237245471214 0.0 0.0 1.0 0.0
1738179832231506 -0.6150418372318028 -0.7884944758554295 0.0 -34.722050203522755 -0.7884944758554295 0.6150418372318028 0.0 -0.359746617694703 0.0 0.0 1.0 0.0
1738179832479911 -0.6128317251025542 -0.7902134374381565 0.0 -34.84436581960638 -0.7902134374381565 0.6128317251025542 0.0 -0.566107354580276 0.0 0.0 1.0 0.0
1738179832728690 -0.6136784400816343 -0.7895560601876044 0.0 -34.99020610867285 -0.7895560601876044 0.6136784400816343 0.0 -0.755965567415785 0.0 0.0 1.0 0.0
1738179832978216 -0.6129963513097273 -0.79008573793036 0.0 -35.13059114139386 -0.79008573793036 0.6129963513097273 0.0 -0.9252374977125589 0.0 0.0 1.0 0.0
1738179833227674 -0.6037704757251494 -0.7971582105470826 0.0 -35.285798087470376 -0.7971582105470826 0.6037704757251494 0.0 -1.1253743913046337 0.0 0.0 1.0 0.0
1738179833477778 -0.6101624628387373 -0.7922763210790579 0.0 -35.437715628225895 -0.7922763210790579 0.6101624628387373 0.0 -1.3475694720286007 0.0 0.0 1.0 0.0
1738179833727054 -0.6095597526255526 -0.7927401263838454 0.0 -35.577485133330036 -0.7927401263838454 0.6095597526255526 0.0 -1.5333681113936177 0.0 0.0 1.0 0.0
1738179833976265 -0.6161007895319696 -0.7876673264380615 0.0 -35.72101454250666 -0.7876673264380615 0.6161007895319696 0.0 -1.6942337481205907 0.0 0.0 1.0 0.0
1738179834224839 -0.6198588578840346 -0.7847133210942071 0.0 -35.9105854713338 -0.7847133210942071 0.6198588578840346 0.0 -1.8761113597841061 0.0 0.0 1.0 0.0
1738179834473553 -0.6244442978884517 -0.7810693431665325 0.0 -36.09054844961442 -0.7810693431665325 0.6244442978884517 0.0 -2.0901523290202952 0.0 0.0 1.0 0.0
1738179834722931 -0.6342614897043147 -0.7731185954807086 0.0 -36.20743895464716 -0.7731185954807086 0.6342614897043147 0.0 -2.3290024103942324 0.0 0.0 1.0 0.0
1738179834972286 -0.6308210599495219 -0.7759283409723876 0.0 -36.334017802760975 -0.7759283409723876 0.6308210599495219 0.0 -2.5379487984638858 0.0 0.0 1.0 0.0
1738179835221893 -0.6360576059680463 -0.7716415760508227 0.0 -36.5038297505027 -0.7716415760508227 0.6360576059680463 0.0 -2.7151343058079096 0.0 0.0 1.0 0.0
1738179835471963 -0.6523860195133773 -0.7578868527316538 0.0 -36.70840883468785 -0.7578868527316538 0.6523860195133773 0.0 -2.9300536243883917 0.0 0.0 1.0 0.0
1738179835721939 -0.6686527261377481 -0.7435748327025047 0.0 -36.93844066544444 -0.7435748327025047 0.6686527261377481 0.0 -3.191044297571798 0.0 0.0 1.0 0.0
1738179835970564 -0.6680658192000185 -0.7441021846605534 0.0 -37.119380386381266 -0.7441021846605534 0.6680658192000185 0.0 -3.3952547559815205 0.0 0.0 1.0 0.0
1738179836218971 -0.6652645335467476 -0.7466077285997168 0.0 -37.26854775480678 -0.7466077285997168 0.6652645335467476 0.0 -3.556589567436317 0.0 0.0 1.0 0.0
1738179836467712 -0.6683862372894079 -0.7438143839709658 0.0 -37.4496558712159 -0.7438143839709658 0.6683862372894079 0.0 -3.742403466858537 0.0 0.0 1.0 0.0
1738179836716935 -0.6728250215514726 -0.7398016561040266 0.0 -37.64577190414947 -0.7398016561040266 0.6728250215514726 0.0 -3.907770499331066 0.0 0.0 1.0 0.0
1738179836966111 -0.6743161185048828 -0.7384428023378039 0.0 -37.84502936628702 -0.7384428023378039 0.6743161185048828 0.0 -4.091367119373595 0.0 0.0 1.0 0.0
1738179837216017 -0.6790714442492762 -0.734072185554801 0.0 -38.026521641688106 -0.734072185554801 0.6790714442492762 0.0 -4.322785513396219 0.0 0.0 1.0 0.0
1738179837465839 -0.6853038430682867 -0.7282572640735121 0.0 -38.1965117024959 -0.7282572640735121 0.6853038430682867 0.0 -4.534205861794259 0.0 0.0 1.0 0.0
1738179837715254 -0.6900718216778848 -0.7237408935013728 0.0 -38.36998263007514 -0.7237408935013728 0.6900718216778848 0.0 -4.74627221928743 0.0 0.0 1.0 0.0
1738179837965440 -0.706490556225635 -0.7077224695910065 0.0 -38.56715843574939 -0.7077224695910065 0.706490556225635 0.0 -4.916788387171354 0.0 0.0 1.0 0.0
1738179838216334 -0.7316564189185132 -0.6816735909915663 0.0 -38.76390778266033 -0.6816735909915663 0.7316564189185132 0.0 -5.079872590661321 0.0 0.0 1.0 0.0
1738179838466481 -0.7499567133801764 -0.6614869069422342 0.0 -38.94629877751821 -0.6614869069422342 0.7499567133801764 0.0 -5.289787894448643 0.0 0.0 1.0 0.0
1738179838717153 -0.7734471969940739 -0.6338607366464737 0.0 -39.13061253453459 -0.6338607366464737 0.7734471969940739 0.0 -5.468285169074812 0.0 0.0 1.0 0.0
1738179838967780 -0.794748435205243 -0.6069389794195277 0.0 -39.35617268131188 -0.6069389794195277 0.794748435205243 0.0 -5.6457034119271166 0.0 0.0 1.0 0.0
1738179839217912 -0.8047616979537505 -0.593598020133656 0.0 -39.5679547918152 -0.593598020133656 0.8047616979537505 0.0 -5.815051271940977 0.0 0.0 1.0 0.0
1738179839468267 -0.8161908995768532 -0.5777823253163142 0.0 -39.77452961213046 -0.5777823253163142 0.8161908995768532 0.0 -5.971467811439163 0.0 0.0 1.0 0.0
1738179839718357 -0.8270041671762961 -0.5621957910488488 0.0 -39.99647939452429 -0.5621957910488488 0.8270041671762961 0.0 -6.121729814287033 0.0 0.0 1.0 0.0
1738179839968022 -0.83714410702619 -0.5469823983194732 0.0 -40.195349968943084 -0.5469823983194732 0.83714410702619 0.0 -6.263332156935569 0.0 0.0 1.0 0.0
1738179840217448 -0.8447617258895912 -0.5351426225521931 0.0 -40.41927271262295 -0.5351426225521931 0.8447617258895912 0.0 -6.381649838768532 0.0 0.0 1.0 0.0
1738179840467239 -0.8551972833834145 -0.5183026205737605 0.0 -40.645909954507935 -0.5183026205737605 0.8551972833834145 0.0 -6.513542754747417 0.0 0.0 1.0 0.0
1738179840717290 -0.8629451883413911 -0.505297538009479 0.0 -40.86045069757582 -0.505297538009479 0.8629451883413911 0.0 -6.648599945046041 0.0 0.0 1.0 0.0
1738179840967053 -0.8718568449307481 -0.48976080074603884 0.0 -41.086394678160545 -0.48976080074603884 0.8718568449307481 0.0 -6.7730015359593985 0.0 0.0 1.0 0.0
1738179841216271 -0.8800359692598421 -0.4749070359648192 0.0 -41.31924741298635 -0.4749070359648192 0.8800359692598421 0.0 -6.885671627095269 0.0 0.0 1.0 0.0
1738179841465313 -0.8913942538195104 -0.4532287328243411 0.0 -41.515876487639964 -0.4532287328243411 0.8913942538195104 0.0 -7.007707874884121 0.0 0.0 1.0 0.0
1738179841714415 -0.9020689119675293 -0.4315920273379916 0.0 -41.72727919156929 -0.4315920273379916 0.9020689119675293 0.0 -7.152136195112047 0.0 0.0 1.0 0.0
1738179841964295 -0.9205980376983119 -0.39051152734076533 0.0 -41.98161828777833 -0.39051152734076533 0.9205980376983119 0.0 -7.2739169189332085 0.0 0.0 1.0 0.0
1738179842214361 -0.947996904595466 -0.3182795451759587 0.0 -42.23261001223482 -0.3182795451759587 0.947996904595466 0.0 -7.385740073429109 0.0 0.0 1.0 0.0
1738179842463180 -0.9684235158470565 -0.24931083802038406 0.0 -42.509501381096726 -0.24931083802038406 0.9684235158470565 0.0 -7.482364381477784 0.0 0.0 1.0 0.0
1738179842710888 -0.9828147860560484 -0.18459441028807952 0.0 -42.7728303375864 -0.18459441028807952 0.9828147860560484 0.0 -7.544352180093228 0.0 0.0 1.0 0.0
1738179842957906 -0.99091171628655 -0.1345138302407739 0.0 -43.01466268767456 -0.1345138302407739 0.99091171628655 0.0 -7.5776909886767125 0.0 0.0 1.0 0.0
1738179843203883 -0.9907121480212971 -0.13597587934272448 0.0 -43.24645690025951 -0.13597587934272448 0.9907121480212971 0.0 -7.6155196817980455 0.0 0.0 1.0 0.0
1738179843452055 -0.9927397332625569 -0.1202822597135056 0.0 -43.480868543416605 -0.1202822597135056 0.9927397332625569 0.0 -7.656874549649608 0.0 0.0 1.0 0.0
1738179843700617 -0.9939475339623294 -0.10985581336553742 0.0 -43.715191794009435 -0.10985581336553742 0.9939475339623294 0.0 -7.685273186453917 0.0 0.0 1.0 0.0
1738179843949238 -0.9948674986809921 -0.10118626422704839 0.0 -43.951925691124494 -0.10118626422704839 0.9948674986809921 0.0 -7.7197921640657645 0.0 0.0 1.0 0.0
1738179844198634 -0.9968729216730393 -0.07902137707644931 0.0 -44.18587053033831 -0.07902137707644931 0.9968729216730393 0.0 -7.7416291687785534 0.0 0.0 1.0 0.0
1738179844449867 -0.9997261769150482 -0.023400239118908588 0.0 -44.3952955356286 -0.023400239118908588 0.9997261769150482 0.0 -7.763998949456039 0.0 0.0 1.0 0.0
1738179844700386 -0.9995155666516254 0.031122853678295488 0.0 -44.642610077841276 0.031122853678295488 0.9995155666516254 0.0 -7.7696027447255185 0.0 0.0 1.0 0.0
1738179844950562 -0.9962076374408951 0.08700771864857616 0.0 -44.881418906329706 0.08700771864857616 0.9962076374408951 0.0 -7.760249444549075 0.0 0.0 1.0 0.0
