1738179483988833 0.08981854361078781 -0.9959581463212381 0.0 0.0 -0.9959581463212381 -0.08981854361078781 0.0 0.0 0.0 0.0 1.0 0.0
1738179484239691 0.08892336238359487 -0.9960384709550106 0.0 -0.004140903813560353 -0.9960384709550106 -0.08892336238359487 0.0 0.0009662176999069788 0.0 0.0 1.0 0.0
1738179484490623 0.0881377182919188 -0.9961082986373992 0.0 -0.006682843362651479 -0.9961082986373992 -0.0881377182919188 0.0 0.004414812773851241 0.0 0.0 1.0 0.0
1738179484741830 0.08721195070678733 -0.996189778934675 0.0 -0.004640031547657404 -0.996189778934675 -0.08721195070678733 0.0 0.007470700716141289 0.0 0.0 1.0 0.0
1738179484992712 0.08630211231423564 -0.9962690125714544 0.0 -0.002688186372185967 -0.9962690125714544 -0.08630211231423564 0.0 0.00948037651921175 0.0 0.0 1.0 0.0
1738179485243213 0.08530911729152961 -0.9963545325369578 0.0 -0.002011455693581561 -0.9963545325369578 -0.08530911729152961 0.0 0.010865501397768219 0.0 0.0 1.0 0.0
1738179485493277 0.08418092470535311 -0.9964504864346002 0.0 -0.002110023425659247 -0.9964504864346002 -0.08418092470535311 0.0 0.010799593604628387 0.0 0.0 1.0 0.0
1738179485743390 0.08332346606601951 -0.9965225536849353 0.0 -0.00431648051534703 -0.9965225536849353 -0.08332346606601951 0.0 0.014842821060053059 0.0 0.0 1.0 0.0
1738179485993526 0.08261933741217026 -0.9965811783721253 0.0 -0.005111273387765939 -0.9965811783721253 -0.08261933741217026 0.0 0.020584093827972633 0.0 0.0 1.0 0.0
1738179486243785 0.08170847983689526 -0.996656271902577 0.0 -0.003538984739078227 -0.996656271902577 -0.08170847983689526 0.0 0.026101788288902996 0.0 0.0 1.0 0.0
1738179486493986 0.08200002543992238 -0.996632327304233 0.0 -0.00033707959441080064 -0.996632327304233 -0.08200002543992238 0.0 0.025351730620240796 0.0 0.0 1.0 0.0
1738179486744119 0.08198632261227148 -0.9966334546384225 0.0 -0.0025025738499983192 -0.9966334546384225 -0.08198632261227148 0.0 0.0252529239072689 0.0 0.0 1.0 0.0
1738179486994300 0.08199598733987135 -0.9966326595391902 0.0 -0.005911260739931418 -0.9966326595391902 -0.08199598733987135 0.0 0.02672803171938545 0.0 0.0 1.0 0.0
1738179487244632 0.08199026093907498 -0.9966331306509644 0.0 -0.0008075674588343172 -0.9966331306509644 -0.08199026093907498 0.0 0.025226130971640715 0.0 0.0 1.0 0.0
1738179487494304 0.08211287138111709 -0.9966230362346377 0.0 -0.0004231504192341296 -0.9966230362346377 -0.08211287138111709 0.0 0.027283727100536694 0.0 0.0 1.0 0.0
1738179487743428 0.08208308237348629 -0.9966254901356213 0.0 -0.0015236014848087277 -0.9966254901356213 -0.08208308237348629 0.0 0.028284655685821912 0.0 0.0 1.0 0.0
1738179487992681 0.0822081315754996 -0.996615183058569 0.0 -0.00016384067994856485 -0.996615183058569 -0.0822081315754996 0.0 0.029283580970928615 0.0 0.0 1.0 0.0
1738179488242399 0.08218630426350926 -0.9966169832947387 0.0 -0.003072775044074004 -0.9966169832947387 -0.08218630426350926 0.0 0.030190052309991482 0.0 0.0 1.0 0.0
1738179488492188 0.08200603876514388 -0.9966318325269615 0.0 -0.006594056781232798 -0.9966318325269615 -0.08200603876514388 0.0 0.03330535313504346 0.0 0.0 1.0 0.0
1738179488742005 0.08184510814161222 -0.9966450613299038 0.0 -0.005445339112096019 -0.9966450613299038 -0.08184510814161222 0.0 0.03811460534922172 0.0 0.0 1.0 0.0
1738179488991792 0.08175044924046221 -0.9966528302518296 0.0 -0.000828371662237684 -0.9966528302518296 -0.08175044924046221 0.0 0.04144575084586606 0.0 0.0 1.0 0.0
1738179489240979 0.08174039014152597 -0.9966536552983243 0.0 -0.00046491291330385013 -0.9966536552983243 -0.08174039014152597 0.0 0.042303779037562876 0.0 0.0 1.0 0.0
1738179489490541 0.08150595179443709 -0.996672854963996 0.0 -0.0019057889611778726 -0.996672854963996 -0.08150595179443709 0.0 0.043807035982248076 0.0 0.0 1.0 0.0
1738179489740560 0.08165416990719486 -0.9966607228825498 0.0 0.00014059975112477055 -0.9966607228825498 -0.08165416990719486 0.0 0.04631586803773892 0.0 0.0 1.0 0.0
1738179489990564 0.08173873554524203 -0.9966537909983912 0.0 -0.0002757706450106231 -0.9966537909983912 -0.08173873554524203 0.0 0.046325823530641685 0.0 0.0 1.0 0.0
1738179490240351 0.08169664203299101 -0.9966572423258324 0.0 -0.0032911949230730324 -0.9966572423258324 -0.08169664203299101 0.0 0.04322123199506658 0.0 0.0 1.0 0.0
1738179490489090 0.08662489022655423 -0.9962409991529345 0.0 0.0019571554267332324 -0.9962409991529345 -0.08662489022655423 0.0 0.028833023957510164 0.0 0.0 1.0 0.0
1738179490737496 0.1037366572354637 -0.9946047988752174 0.0 -0.012032886934270022 -0.9946047988752174 -0.1037366572354637 0.0 -0.11911625840571956 0.0 0.0 1.0 0.0
1738179490986490 0.1115722391359285 -0.9937563259945543 0.0 -0.07108579201614669 -0.9937563259945543 -0.1115722391359285 0.0 -0.4379596051472247 0.0 0.0 1.0 0.0
1738179491236221 0.10201728541021728 -0.9947826262443117 0.0 -0.08863661687883308 -0.9947826262443117 -0.10201728541021728 0.0 -0.8104589217233209 0.0 0.0 1.0 0.0
1738179491485947 0.09710693712058477 -0.9952739536243569 0.0 -0.03450350847748142 -0.9952739536243569 -0.09710693712058477 0.0 -1.0818461229951766 0.0 0.0 1.0 0.0
1738179491735304 0.10829619021873944 -0.9941186725859776 0.0 -0.03374575942418413 -0.9941186725859776 -0.10829619021873944 0.0 -1.2724831877841258 0.0 0.0 1.0 0.0
1738179491985368 0.1030673887203227 -0.9946743755533132 0.0 -0.1058304167964139 -0.9946743755533132 -0.1030673887203227 0.0 -1.4302231094581426 0.0 0.0 1.0 0.0
1738179492234786 0.09584502208039608 -0.995396268700264 0.0 -0.12638044294414616 -0.995396268700264 -0.09584502208039608 0.0 -1.493704639860559 0.0 0.0 1.0 0.0
1738179492483557 0.08901616605942946 -0.9960301813600227 0.0 -0.10194723100960516 -0.9960301813600227 -0.08901616605942946 0.0 -1.5691804032513386 0.0 0.0 1.0 0.0
1738179492732354 0.08730463751336343 -0.996181660275203 0.0 -0.08132670228672355 -0.996181660275203 -0.08730463751336343 0.0 -1.6750557542736038 0.0 0.0 1.0 0.0
1738179492981175 0.07804891747715192 -0.9969495305584153 0.0 -0.020337801208509323 -0.9969495305584153 -0.07804891747715192 0.0 -1.8186382800016772 0.0 0.0 1.0 0.0
1738179493230052 0.07488098717771435 -0.9971924777891633 0.0 0.012083373287987809 -0.9971924777891633 -0.07488098717771435 0.0 -2.025695575613832 0.0 0.0 1.0 0.0
1738179493479475 0.06794244740993852 -0.9976892421189815 0.0 0.03855527137069483 -0.9976892421189815 -0.06794244740993852 0.0 -2.240038018662606 0.0 0.0 1.0 0.0
1738179493728809 0.06452849434689546 -0.9979158648991019 0.0 0.12187981863035305 -0.9979158648991019 -0.06452849434689546 0.0 -2.4303854675149883 0.0 0.0 1.0 0.0
1738179493978416 0.06088817884836071 -0.998144593571758 0.0 0.1653894729137532 -0.998144593571758 -0.06088817884836071 0.0 -2.6241667324520668 0.0 0.0 1.0 0.0
1738179494227832 0.06284109884739458 -0.9980235449605644 0.0 0.18151551350458817 -0.9980235449605644 -0.06284109884739458 0.0 -2.8381667910535326 0.0 0.0 1.0 0.0
1738179494477217 0.07150167102546066 -0.9974404799488371 0.0 0.18552119353187613 -0.9974404799488371 -0.07150167102546066 0.0 -3.054106880996052 0.0 0.0 1.0 0.0
1738179494726853 0.07712633976404988 -0.9970213276127047 0.0 0.19437537001407704 -0.9970213276127047 -0.07712633976404988 0.0 -3.262141957382283 0.0 0.0 1.0 0.0
1738179494977095 0.07384047066325446 -0.9972700661767748 0.0 0.21221288421218118 -0.9972700661767748 -0.07384047066325446 0.0 -3.4565546032339602 0.0 0.0 1.0 0.0
1738179495227419 0.07378199165170204 -0.9972743943909861 0.0 0.23510500528831807 -0.9972743943909861 -0.07378199165170204 0.0 -3.6930277394732633 0.0 0.0 1.0 0.0
1738179495477235 0.08862964009944051 -0.9960646499579449 0.0 0.25689596737912573 -0.9960646499579449 -0.08862964009944051 0.0 -3.9334609575724904 0.0 0.0 1.0 0.0
1738179495727665 0.08069309581059653 -0.9967389950676665 0.0 0.2532476663276647 -0.9967389950676665 -0.08069309581059653 0.0 -4.119923083706179 0.0 0.0 1.0 0.0
1738179495977796 0.06960903515004077 -0.9975743492218915 0.0 0.24504595492588654 -0.9975743492218915 -0.06960903515004077 0.0 -4.3188841806579505 0.0 0.0 1.0 0.0
1738179496226781 0.06792391591986724 -0.9976905039370229 0.0 0.2370001173362865 -0.9976905039370229 -0.06792391591986724 0.0 -4.515853103583938 0.0 0.0 1.0 0.0
1738179496475810 0.06852808728655561 -0.9976491874666396 0.0 0.24286193659744906 -0.9976491874666396 -0.06852808728655561 0.0 -4.671018335573347 0.0 0.0 1.0 0.0
1738179496725956 0.0626065654595058 -0.9980382848174536 0.0 0.27236496766294543 -0.9980382848174536 -0.0626065654595058 0.0 -4.865608460439786 0.0 0.0 1.0 0.0
1738179496976641 0.05533600190327935 -0.9984677896123442 0.0 0.296440901648937 -0.9984677896123442 -0.05533600190327935 0.0 -5.109202562772934 0.0 0.0 1.0 0.0
1738179497227858 0.05494215916094788 -0.9984895388268888 0.0 0.3196772412420054 -0.9984895388268888 -0.05494215916094788 0.0 -5.33198215339418 0.0 0.0 1.0 0.0
1738179497479085 0.05278967948228082 -0.9986056527679774 0.0 0.3578300687047885 -0.9986056527679774 -0.05278967948228082 0.0 -5.541847299773769 0.0 0.0 1.0 0.0
1738179497729719 0.055065369802451004 -0.9984827515027586 0.0 0.3378584701987377 -0.9984827515027586 -0.055065369802451004 0.0 -5.764816757864399 0.0 0.0 1.0 0.0
1738179497980506 0.05134860469942008 -0.9986807902405166 0.0 0.35446896442832265 -0.9986807902405166 -0.05134860469942008 0.0 -5.938981651409668 0.0 0.0 1.0 0.0
1738179498231477 0.05508529008089755 -0.998481652719119 0.0 0.3985936159931894 -0.998481652719119 -0.05508529008089755 0.0 -6.151249641479433 0.0 0.0 1.0 0.0
1738179498482928 0.052683613378391746 -0.9986112541331568 0.0 0.4039293040818003 -0.9986112541331568 -0.052683613378391746 0.0 -6.43259654686274 0.0 0.0 1.0 0.0
1738179498733517 0.054331109925414595 -0.998522974444891 0.0 0.4031907581939001 -0.998522974444891 -0.054331109925414595 0.0 -6.66906486252571 0.0 0.0 1.0 0.0
1738179498983181 0.051462799265896864 -0.9986749122170429 0.0 0.4324529767569151 -0.9986749122170429 -0.051462799265896864 0.0 -6.859387714740162 0.0 0.0 1.0 0.0
1738179499231685 0.05502715884977098 -0.9984848580669224 0.0 0.4419065490062473 -0.9984848580669224 -0.05502715884977098 0.0 -7.062504156448402 0.0 0.0 1.0 0.0
1738179499482413 0.002287897926525135 -0.999997382758114 0.0 0.4126516854150803 -0.999997382758114 -0.002287897926525135 0.0 -7.279993886716296 0.0 0.0 1.0 0.0
1738179499733450 -0.06199318344501657 -0.9980765728171124 0.0 0.4165450552663827 -0.9980765728171124 0.06199318344501657 0.0 -7.450729095581206 0.0 0.0 1.0 0.0
1738179499980806 -0.05292692560209691 -0.998598388015077 0.0 0.43378972737744637 -0.998598388015077 0.05292692560209691 0.0 -7.621786861483829 0.0 0.0 1.0 0.0
1738179500228999 -0.056553453075278225 -0.9983995727890024 0.0 0.42816285814028665 -0.9983995727890024 0.056553453075278225 0.0 -7.825957054404888 0.0 0.0 1.0 0.0
1738179500477202 -0.054310640574783055 -0.9985240880020656 0.0 0.3825067778348996 -0.9985240880020656 0.054310640574783055 0.0 -8.031759502187446 0.0 0.0 1.0 0.0
1738179500726403 -0.05918290553015423 -0.9982471556147849 0.0 0.38721752696570816 -0.9982471556147849 0.05918290553015423 0.0 -8.205132563076681 0.0 0.0 1.0 0.0
1738179500976171 -0.06304205844815049 -0.9980108711164523 0.0 0.42010917863367275 -0.9980108711164523 0.06304205844815049 0.0 -8.3933313674129 0.0 0.0 1.0 0.0
1738179501226150 -0.05965392258414435 -0.9982191189915794 0.0 0.4208515836256686 -0.9982191189915794 0.05965392258414435 0.0 -8.592694514923322 0.0 0.0 1.0 0.0
1738179501476216 -0.06049698838792064 -0.9981683797816839 0.0 0.400255432313526 -0.9981683797816839 0.06049698838792064 0.0 -8.812419559384635 0.0 0.0 1.0 0.0
1738179501726474 -0.06863276370986977 -0.9976419917713695 0.0 0.362379172042714 -0.9976419917713695 0.06863276370986977 0.0 -9.047411198941855 0.0 0.0 1.0 0.0
1738179501976111 -0.06109522484784416 -0.998131941929919 0.0 0.3554034258658864 -0.998131941929919 0.06109522484784416 0.0 -9.20276458603293 0.0 0.0 1.0 0.0
1738179502227686 -0.0925735378077009 -0.9957058501875772 0.0 0.3591235155823935 -0.9957058501875772 0.0925735378077009 0.0 -9.380475195177198 0.0 0.0 1.0 0.0
1738179502478642 -0.12732386109299418 -0.9918611971422068 0.0 0.27336933458619317 -0.9918611971422068 0.12732386109299418 0.0 -9.57872371422115 0.0 0.0 1.0 0.0
1738179502726911 -0.12090661060769034 -0.9926638864748532 0.0 0.22219143449826537 -0.9926638864748532 0.12090661060769034 0.0 -9.7598201765161 0.0 0.0 1.0 0.0
1738179502975637 -0.12230641423408674 -0.9924923884026515 0.0 0.21842355921691994 -0.9924923884026515 0.12230641423408674 0.0 -9.954157508391024 0.0 0.0 1.0 0.0
1738179503224549 -0.12255346239657447 -0.9924619130498717 0.0 0.157185581420742 -0.9924619130498717 0.12255346239657447 0.0 -10.15416800909038 0.0 0.0 1.0 0.0
1738179503474231 -0.13157281413267918 -0.9913065088968231 0.0 0.11953854905188503 -0.9913065088968231 0.13157281413267918 0.0 -10.375145780387445 0.0 0.0 1.0 0.0
1738179503723876 -0.13120502895575997 -0.9913552543748976 0.0 0.10159546551421492 -0.9913552543748976 0.13120502895575997 0.0 -10.558742142212441 0.0 0.0 1.0 0.0
1738179503974590 -0.1510652721703279 -0.9885237900749302 0.0 0.06893616350599727 -0.9885237900749302 0.1510652721703279 0.0 -10.73779828225422 0.0 0.0 1.0 0.0
1738179504227193 -0.22371687217292627 -0.9746541751334997 0.0 0.01252839619292194 -0.9746541751334997 0.22371687217292627 0.0 -10.945413987298966 0.0 0.0 1.0 0.0
1738179504476672 -0.2199094203241999 -0.9755202954591332 0.0 -0.03608394149950702 -0.9755202954591332 0.2199094203241999 0.0 -11.133373922017386 0.0 0.0 1.0 0.0
1738179504727827 -0.23698425173402626 -0.9715134916356355 0.0 -0.06896811205104297 -0.9715134916356355 0.23698425173402626 0.0 -11.329137430684098 0.0 0.0 1.0 0.0
1738179504978217 -0.24712118186576526 -0.9689845826808947 0.0 -0.09585849459157891 -0.9689845826808947 0.24712118186576526 0.0 -11.535450024321246 0.0 0.0 1.0 0.0
1738179505227839 -0.2500953713846193 -0.9682212067559715 0.0 -0.12850425335647053 -0.9682212067559715 0.2500953713846193 0.0 -11.734242338336918 0.0 0.0 1.0 0.0
1738179505477389 -0.25194768322909383 -0.9677408562810048 0.0 -0.20275700858946455 -0.9677408562810048 0.25194768322909383 0.0 -11.950701613362968 0.0 0.0 1.0 0.0
1738179505727674 -0.2541734224763068 -0.9671586588076856 0.0 -0.25909608515296556 -0.9671586588076856 0.2541734224763068 0.0 -12.149410454650814 0.0 0.0 1.0 0.0
1738179505978001 -0.25614366461932275 -0.9666387241753686 0.0 -0.28767181667897623 -0.9666387241753686 0.25614366461932275 0.0 -12.336454650363422 0.0 0.0 1.0 0.0
1738179506227659 -0.2658232607678065 -0.9640217808923048 0.0 -0.3544080908437349 -0.9640217808923048 0.2658232607678065 0.0 -12.615955776188029 0.0 0.0 1.0 0.0
1738179506476593 -0.266059323438395 -0.9639566569153946 0.0 -0.4297922566882725 -0.9639566569153946 0.266059323438395 0.0 -12.91551764392835 0.0 0.0 1.0 0.0
1738179506725692 -0.2634631136409895 -0.9646694707259038 0.0 -0.5298186813111624 -0.9646694707259038 0.2634631136409895 0.0 -13.17367491496358 0.0 0.0 1.0 0.0
1738179506976254 -0.2738041131611708 -0.961785479000398 0.0 -0.6226884808372726 -0.961785479000398 0.2738041131611708 0.0 -13.442022026263096 0.0 0.0 1.0 0.0
1738179507226983 -0.2890231302612178 -0.957322114115206 0.0 -0.6560703530099063 -0.957322114115206 0.2890231302612178 0.0 -13.680085880562814 0.0 0.0 1.0 0.0
1738179507476212 -0.2825170654494978 -0.9592622726500841 0.0 -0.6949490557669994 -0.9592622726500841 0.2825170654494978 0.0 -13.885930751385263 0.0 0.0 1.0 0.0
1738179507725869 -0.2861414355244304 -0.9581873923591452 0.0 -0.7530232625245217 -0.9581873923591452 0.2861414355244304 0.0 -14.094574395244598 0.0 0.0 1.0 0.0
1738179507975307 -0.29547224519184584 -0.9553513240276008 0.0 -0.8103031039721783 -0.9553513240276008 0.29547224519184584 0.0 -14.328134625489906 0.0 0.0 1.0 0.0
1738179508224619 -0.30101912771992273 -0.9536181021492498 0.0 -0.849480863456768 -0.9536181021492498 0.30101912771992273 0.0 -14.58648385598293 0.0 0.0 1.0 0.0
1738179508473875 -0.30045452279276996 -0.9537961416012172 0.0 -0.9019128894700981 -0.9537961416012172 0.30045452279276996 0.0 -14.81680395353042 0.0 0.0 1.0 0.0
1738179508723871 -0.3062635623686638 -0.9519467581568076 0.0 -0.9698444526190267 -0.9519467581568076 0.3062635623686638 0.0 -15.032274856057338 0.0 0.0 1.0 0.0
1738179508973493 -0.30597304377679174 -0.9520401758759793 0.0 -1.0286441047741666 -0.9520401758759793 0.30597304377679174 0.0 -15.243194693662216 0.0 0.0 1.0 0.0
1738179509223197 -0.3059730249353409 -0.9520401819313706 0.0 -1.076380890225336 -0.9520401819313706 0.3059730249353409 0.0 -15.437952599094329 0.0 0.0 1.0 0.0
1738179509473216 -0.3114506463204236 -0.9502623295209542 0.0 -1.1369668523172256 -0.9502623295209542 0.3114506463204236 0.0 -15.661487661045223 0.0 0.0 1.0 0.0
1738179509723185 -0.3136306622722292 -0.9495450530031121 0.0 -1.1909419466733888 -0.9495450530031121 0.3136306622722292 0.0 -15.889887079824721 0.0 0.0 1.0 0.0
1738179509973290 -0.31609958387077497 -0.9487260158110575 0.0 -1.2254590097784366 -0.9487260158110575 0.31609958387077497 0.0 -16.096550331765503 0.0 0.0 1.0 0.0
1738179510223132 -0.31637563418598 -0.9486339958558406 0.0 -1.2820396787059893 -0.9486339958558406 0.31637563418598 0.0 -16.313938119079246 0.0 0.0 1.0 0.0
1738179510472347 -0.316839049943763 -0.9484793178718942 0.0 -1.338149850703245 -0.9484793178718942 0.316839049943763 0.0 -16.538661158243876 0.0 0.0 1.0 0.0
1738179510721537 -0.3152191058568593 -0.949018922520938 0.0 -1.4224245515499476 -0.949018922520938 0.3152191058568593 0.0 -16.777837142140594 0.0 0.0 1.0 0.0
1738179510971346 -0.31542728417025817 -0.9489497501980678 0.0 -1.502046555705743 -0.9489497501980678 0.31542728417025817 0.0 -17.00309313546163 0.0 0.0 1.0 0.0
1738179511221219 -0.3111294289587609 -0.9503675491281232 0.0 -1.5266720583682643 -0.9503675491281232 0.3111294289587609 0.0 -17.25181741155897 0.0 0.0 1.0 0.0
1738179511471603 -0.30714828946723377 -0.9516616669160067 0.0 -1.5616795163518467 -0.9516616669160067 0.30714828946723377 0.0 -17.547019743498037 0.0 0.0 1.0 0.0
1738179511722135 -0.30651327862026995 -0.9518663824452741 0.0 -1.6478047960860138 -0.9518663824452741 0.30651327862026995 0.0 -17.785926808172928 0.0 0.0 1.0 0.0
1738179511972213 -0.3062633259870599 -0.9519468342062722 0.0 -1.7372946237438984 -0.9519468342062722 0.3062633259870599 0.0 -18.029783069437094 0.0 0.0 1.0 0.0
1738179512221936 -0.3033913659647842 -0.9528660341611629 0.0 -1.8062958352586524 -0.9528660341611629 0.3033913659647842 0.0 -18.262795332453855 0.0 0.0 1.0 0.0
1738179512471769 -0.30220641204152354 -0.9532425108654089 0.0 -1.898499034134781 -0.9532425108654089 0.30220641204152354 0.0 -18.460896060298584 0.0 0.0 1.0 0.0
1738179512721332 -0.3064789234285956 -0.9518774445767948 0.0 -1.949136705116105 -0.9518774445767948 0.3064789234285956 0.0 -18.670673967802912 0.0 0.0 1.0 0.0
1738179512970311 -0.3043638833102807 -0.9525558390647164 0.0 -2.016220718960365 -0.9525558390647164 0.3043638833102807 0.0 -18.894080045443598 0.0 0.0 1.0 0.0
1738179513219698 -0.30385160190698535 -0.9527193731726878 0.0 -2.1302920465608066 -0.9527193731726878 0.30385160190698535 0.0 -19.13429641139243 0.0 0.0 1.0 0.0
1738179513469369 -0.2984426933640446 -0.9544275555418625 0.0 -2.214327853220839 -0.9544275555418625 0.2984426933640446 0.0 -19.365981319305185 0.0 0.0 1.0 0.0
1738179513719667 -0.3021455245588941 -0.9532618118801524 0.0 -2.2836887834108968 -0.9532618118801524 0.3021455245588941 0.0 -19.592395507987128 0.0 0.0 1.0 0.0
1738179513969782 -0.29842092999196 -0.9544343605207923 0.0 -2.339218295720413 -0.9544343605207923 0.29842092999196 0.0 -19.82150237161602 0.0 0.0 1.0 0.0
1738179514219917 -0.30208404039895187 -0.9532812976956196 0.0 -2.4261758531576545 -0.9532812976956196 0.30208404039895187 0.0 -20.060144607592186 0.0 0.0 1.0 0.0
1738179514469360 -0.2973478887395275 -0.9547692040813558 0.0 -2.5074414789840627 -0.9547692040813558 0.2973478887395275 0.0 -20.301825396956815 0.0 0.0 1.0 0.0
1738179514720120 -0.300558073578118 -0.9537635159760572 0.0 -2.5736614491111935 -0.9537635159760572 0.300558073578118 0.0 -20.52533214714712 0.0 0.0 1.0 0.0
1738179514970834 -0.3006690678104805 -0.9537285314291363 0.0 -2.6502599184975493 -0.9537285314291363 0.3006690678104805 0.0 -20.742517986357456 0.0 0.0 1.0 0.0
1738179515220940 -0.29688148354634175 -0.9549143337113143 0.0 -2.7283191402313167 -0.9549143337113143 0.29688148354634175 0.0 -20.97202799510993 0.0 0.0 1.0 0.0
1738179515470680 -0.2988126366341338 -0.9543117982021166 0.0 -2.8200643918917407 -0.9543117982021166 0.2988126366341338 0.0 -21.21483228346672 0.0 0.0 1.0 0.0
1738179515719820 -0.29765170809044367 -0.9546745312779856 0.0 -2.888537525686669 -0.9546745312779856 0.29765170809044367 0.0 -21.47101013996031 0.0 0.0 1.0 0.0
1738179515968633 -0.29264435790285037 -0.9562213550154737 0.0 -2.9841190209935213 -0.9562213550154737 0.29264435790285037 0.0 -21.74294002720258 0.0 0.0 1.0 0.0
1738179516217713 -0.28741756669456425 -0.957805378119885 0.0 -3.080760102480775 -0.957805378119885 0.28741756669456425 0.0 -21.990572491507816 0.0 0.0 1.0 0.0
1738179516467032 -0.29368974340426685 -0.9559007974780312 0.0 -3.146312791233735 -0.9559007974780312 0.29368974340426685 0.0 -22.223428768765682 0.0 0.0 1.0 0.0
1738179516715222 -0.29397248893920125 -0.9558138813319732 0.0 -3.2205784644866515 -0.9558138813319732 0.29397248893920125 0.0 -22.491844998913514 0.0 0.0 1.0 0.0
1738179516963506 -0.29149568841015483 -0.9565721424117943 0.0 -3.299865471331154 -0.9565721424117943 0.29149568841015483 0.0 -22.730394923549635 0.0 0.0 1.0 0.0
1738179517212635 -0.29472568322574183 -0.9555819021136388 0.0 -3.3760529977698797 -0.9555819021136388 0.29472568322574183 0.0 -22.93339515157939 0.0 0.0 1.0 0.0
1738179517461612 -0.29685473928847395 -0.9549226480516484 0.0 -3.453925008821647 -0.9549226480516484 0.29685473928847395 0.0 -23.15238470738271 0.0 0.0 1.0 0.0
1738179517710217 -0.29222313819753964 -0.956350164689682 0.0 -3.5400104243412778 -0.956350164689682 0.29222313819753964 0.0 -23.407754373819646 0.0 0.0 1.0 0.0
1738179517959584 -0.2932024899753425 -0.9560503647153006 0.0 -3.6176098945511725 -0.9560503647153006 0.2932024899753425 0.0 -23.64366067892935 0.0 0.0 1.0 0.0
1738179518209311 -0.28973029788229593 -0.9571083295474114 0.0 -3.688187764152519 -0.9571083295474114 0.28973029788229593 0.0 -23.86987641606363 0.0 0.0 1.0 0.0
1738179518459627 -0.28740699778848006 -0.9578085495662548 0.0 -3.746221700741881 -0.9578085495662548 0.28740699778848006 0.0 -24.083912244604356 0.0 0.0 1.0 0.0
1738179518710008 -0.28407640774277043 -0.958801645056976 0.0 -3.833631875594709 -0.958801645056976 0.28407640774277043 0.0 -24.32260959753944 0.0 0.0 1.0 0.0
1738179518960199 -0.26420565928112416 -0.9644663652008953 0.0 -3.944129788306489 -0.9644663652008953 0.26420565928112416 0.0 -24.567438557780903 0.0 0.0 1.0 0.0
1738179519210625 -0.24030189378687838 -0.9706982022453942 0.0 -3.9967016213417064 -0.9706982022453942 0.24030189378687838 0.0 -24.809826724298595 0.0 0.0 1.0 0.0
1738179519462118 -0.24589707863265992 -0.9692959438272316 0.0 -4.0767188987522704 -0.9692959438272316 0.24589707863265992 0.0 -25.051267026099616 0.0 0.0 1.0 0.0
1738179519712838 -0.24412721338764462 -0.9697432153325868 0.0 -4.1577394539092465 -0.9697432153325868 0.24412721338764462 0.0 -25.27017222871846 0.0 0.0 1.0 0.0
1738179519963182 -0.24157027838080636 -0.9703833266307805 0.0 -4.215217329503787 -0.9703833266307805 0.24157027838080636 0.0 -25.490600724587825 0.0 0.0 1.0 0.0
1738179520213567 -0.23712423153661635 -0.9714793352501994 0.0 -4.290428849229068 -0.9714793352501994 0.23712423153661635 0.0 -25.691645548267307 0.0 0.0 1.0 0.0
1738179520463398 -0.21036353174144456 -0.9776232323923497 0.0 -4.337719826886366 -0.9776232323923497 0.21036353174144456 0.0 -25.907741176193973 0.0 0.0 1.0 0.0
1738179520713916 -0.18422547386791865 -0.9828840088118947 0.0 -4.3815542398313285 -0.9828840088118947 0.18422547386791865 0.0 -26.135771044602297 0.0 0.0 1.0 0.0
1738179520965170 -0.1534830057734682 -0.988151287475122 0.0 -4.430108290000774 -0.988151287475122 0.1534830057734682 0.0 -26.380982825537032 0.0 0.0 1.0 0.0
1738179521216021 -0.10363475905894244 -0.994615421514665 0.0 -4.517788848878897 -0.994615421514665 0.10363475905894244 0.0 -26.60446087168983 0.0 0.0 1.0 0.0
1738179521466384 -0.03638609204883151 -0.9993378069028581 0.0 -4.635169029121167 -0.9993378069028581 0.03638609204883151 0.0 -26.79487375444201 0.0 0.0 1.0 0.0
1738179521717186 0.01673028146574589 -0.9998600390465044 0.0 -4.720047090501964 -0.9998600390465044 -0.01673028146574589 0.0 -26.987981203461715 0.0 0.0 1.0 0.0
1738179521968361 0.06467981108529991 -0.9979060687449345 0.0 -4.751566141345624 -0.9979060687449345 -0.06467981108529991 0.0 -27.181234283361476 0.0 0.0 1.0 0.0
1738179522220129 0.10415030222571661 -0.9945615690073146 0.0 -4.774748966003881 -0.9945615690073146 -0.10415030222571661 0.0 -27.37601949629017 0.0 0.0 1.0 0.0
1738179522471682 0.14274855466185202 -0.9897589858859337 0.0 -4.765734095353457 -0.9897589858859337 -0.14274855466185202 0.0 -27.55781984253029 0.0 0.0 1.0 0.0
1738179522723063 0.17908838037693767 -0.9838329898991827 0.0 -4.7775134007523254 -0.9838329898991827 -0.17908838037693767 0.0 -27.753647096598268 0.0 0.0 1.0 0.0
1738179522974274 0.21887681586735233 -0.9757524990876372 0.0 -4.831888135648387 -0.9757524990876372 -0.21887681586735233 0.0 -27.97747172115154 0.0 0.0 1.0 0.0
1738179523225454 0.24930068428975308 -0.9684261297655392 0.0 -4.744088530617015 -0.9684261297655392 -0.24930068428975308 0.0 -28.221872335962036 0.0 0.0 1.0 0.0
1738179523476693 0.28565682127146097 -0.9583319782106224 0.0 -4.62494832783465 -0.9583319782106224 -0.28565682127146097 0.0 -28.46663949216785 0.0 0.0 1.0 0.0
1738179523727864 0.31934640444432555 -0.9476380500847786 0.0 -4.579652796465371 -0.9476380500847786 -0.31934640444432555 0.0 -28.700851997695082 0.0 0.0 1.0 0.0
1738179523978470 0.3628222289498227 -0.9318583745290281 0.0 -4.497159777754263 -0.9318583745290281 -0.3628222289498227 0.0 -28.964348167462923 0.0 0.0 1.0 0.0
1738179524228477 0.4100455262028601 -0.9120650560354888 0.0 -4.403957515749374 -0.9120650560354888 -0.4100455262028601 0.0 -29.18628132586273 0.0 0.0 1.0 0.0
1738179524478288 0.44847199350915345 -0.8937968846655965 0.0 -4.277336570068734 -0.8937968846655965 -0.44847199350915345 0.0 -29.406836185160937 0.0 0.0 1.0 0.0
1738179524728132 0.4845255656174065 -0.8747771009023567 0.0 -4.15128725563206 -0.8747771009023567 -0.4845255656174065 0.0 -29.672268563679765 0.0 0.0 1.0 0.0
1738179524977509 0.5323871545804151 -0.8465009850187826 0.0 -4.052139696016525 -0.8465009850187826 -0.5323871545804151 0.0 -29.923194022653508 0.0 0.0 1.0 0.0
1738179525227022 0.5814726650316832 -0.8135659406716533 0.0 -3.905728717021685 -0.8135659406716533 -0.5814726650316832 0.0 -30.13158520533325 0.0 0.0 1.0 0.0
1738179525476894 0.6248407444819617 -0.7807522296063124 0.0 -3.7427827820796717 -0.7807522296063124 -0.6248407444819617 0.0 -30.308330567218455 0.0 0.0 1.0 0.0
1738179525726976 0.6620409609136534 -0.7494676551209709 0.0 -3.6380216777286716 -0.7494676551209709 -0.6620409609136534 0.0 -30.463159420486374 0.0 0.0 1.0 0.0
1738179525977303 0.6904682071345347 -0.7233627409097192 0.0 -3.5173274858766024 -0.7233627409097192 -0.6904682071345347 0.0 -30.619491095186024 0.0 0.0 1.0 0.0
1738179526227440 0.7142395957331561 -0.6999012786721696 0.0 -3.3616478565616204 -0.6999012786721696 -0.7142395957331561 0.0 -30.784617598718885 0.0 0.0 1.0 0.0
1738179526477272 0.7403772634528357 -0.6721915707312094 0.0 -3.191546315442951 -0.6721915707312094 -0.7403772634528357 0.0 -30.952839626670773 0.0 0.0 1.0 0.0
1738179526726500 0.7646880084294279 -0.6444006903815633 0.0 -3.0065791514396643 -0.6444006903815633 -0.7646880084294279 0.0 -31.09314320074202 0.0 0.0 1.0 0.0
1738179526975241 0.7976375658853088 -0.603137060284443 0.0 -2.8326244847738233 -0.603137060284443 -0.7976375658853088 0.0 -31.219995480839497 0.0 0.0 1.0 0.0
1738179527224128 0.8280704419684882 -0.5606240657857212 0.0 -2.609531325766984 -0.5606240657857212 -0.8280704419684882 0.0 -31.36990827295688 0.0 0.0 1.0 0.0
1738179527473033 0.8526203028400071 -0.5225309743785669 0.0 -2.3961296835152175 -0.5225309743785669 -0.8526203028400071 0.0 -31.490690526470818 0.0 0.0 1.0 0.0
1738179527722060 0.8738176469081346 -0.4862537608614771 0.0 -2.2238708603061763 -0.4862537608614771 -0.8738176469081346 0.0 -31.60792566711533 0.0 0.0 1.0 0.0
1738179527971982 0.8800362507927441 -0.4749065142642816 0.0 -2.0153188670300435 -0.4749065142642816 -0.8800362507927441 0.0 -31.726856217219975 0.0 0.0 1.0 0.0
1738179528221160 0.8840038070125602 -0.46747969922478977 0.0 -1.8015031395745307 -0.46747969922478977 -0.8840038070125602 0.0 -31.840570985684163 0.0 0.0 1.0 0.0
1738179528469816 0.8897173052505856 -0.45651190207664466 0.0 -1.576689241462501 -0.45651190207664466 -0.8897173052505856 0.0 -31.97193252185776 0.0 0.0 1.0 0.0
1738179528717968 0.8911440295297842 -0.45372052921751155 0.0 -1.341946047683051 -0.45372052921751155 -0.8911440295297842 0.0 -32.06776753045167 0.0 0.0 1.0 0.0
1738179528966128 0.8946874215420318 -0.44669275540853615 0.0 -1.1409013216226196 -0.44669275540853615 -0.8946874215420318 0.0 -32.159938370768 0.0 0.0 1.0 0.0
1738179529214080 0.8974631858755749 -0.4410893673600204 0.0 -0.9446089747340325 -0.4410893673600204 -0.8974631858755749 0.0 -32.27831658308426 0.0 0.0 1.0 0.0
1738179529462163 0.9043163958436267 -0.42686280724419295 0.0 -0.7555629944834876 -0.42686280724419295 -0.9043163958436267 0.0 -32.37730469754219 0.0 0.0 1.0 0.0
1738179529711589 0.9041300035538902 -0.42725745947103416 0.0 -0.5395965838111734 -0.42725745947103416 -0.9041300035538902 0.0 -32.508508936080176 0.0 0.0 1.0 0.0
1738179529960934 0.905680707112801 -0.4239604424514822 0.0 -0.3154701075275704 -0.4239604424514822 -0.905680707112801 0.0 -32.618845639149484 0.0 0.0 1.0 0.0
1738179530210605 0.9040347619361078 -0.42745894447434923 0.0 -0.11113883368777695 -0.42745894447434923 -0.9040347619361078 0.0 -32.69178770747024 0.0 0.0 1.0 0.0
1738179530459710 0.9052606284631795 -0.4248566753088024 0.0 0.12673617097289186 -0.4248566753088024 -0.9052606284631795 0.0 -32.810523928378196 0.0 0.0 1.0 0.0
1738179530709483 0.9020815984833633 -0.4315655102967563 0.0 0.34450737837661427 -0.4315655102967563 -0.9020815984833633 0.0 -32.92366562878798 0.0 0.0 1.0 0.0
1738179530958934 0.902418630605489 -0.4308603197512086 0.0 0.5631167364373235 -0.4308603197512086 -0.902418630605489 0.0 -33.01495709933463 0.0 0.0 1.0 0.0
1738179531208806 0.9011187805231627 -0.43357230468336866 0.0 0.8118526065555716 -0.43357230468336866 -0.9011187805231627 0.0 -33.11106883012899 0.0 0.0 1.0 0.0
1738179531458156 0.8978468573770279 -0.4403078703568614 0.0 1.0458336529865837 -0.4403078703568614 -0.8978468573770279 0.0 -33.20216485474682 0.0 0.0 1.0 0.0
1738179531707375 0.8918961204660127 -0.45224032360867106 0.0 1.2772000429244625 -0.45224032360867106 -0.8918961204660127 0.0 -33.3510678715188 0.0 0.0 1.0 0.0
1738179531957630 0.8765646028715623 -0.4812842164382912 0.0 1.5135057008194632 -0.4812842164382912 -0.8765646028715623 0.0 -33.493843688759775 0.0 0.0 1.0 0.0
1738179532208391 0.8549040699144299 -0.5187861131947766 0.0 1.7466094024944878 -0.5187861131947766 -0.8549040699144299 0.0 -33.59575740701565 0.0 0.0 1.0 0.0
1738179532456699 0.8578179887484929 -0.5139535953561278 0.0 1.96895556825347 -0.5139535953561278 -0.8578179887484929 0.0 -33.729346044019614 0.0 0.0 1.0 0.0
1738179532705695 0.8561931221298607 -0.5166559180126763 0.0 2.18673170393657 -0.5166559180126763 -0.8561931221298607 0.0 -33.852916485969814 0.0 0.0 1.0 0.0
1738179532954747 0.8570575128374427 -0.5152207485038784 0.0 2.4034699946007874 -0.5152207485038784 -0.8570575128374427 0.0 -33.983483624919614 0.0 0.0 1.0 0.0
1738179533204168 0.8561156732604976 -0.5167842431786448 0.0 2.6252802395086747 -0.5167842431786448 -0.8561156732604976 0.0 -34.119147920687915 0.0 0.0 1.0 0.0
1738179533453307 0.8552567778474535 -0.5182044422291183 0.0 2.846641519702462 -0.5182044422291183 -0.8552567778474535 0.0 -34.248144686753314 0.0 0.0 1.0 0.0
1738179533702214 0.8534666582680249 -0.5211474486407952 0.0 3.0452645011043256 -0.5211474486407952 -0.8534666582680249 0.0 -34.36923193419081 0.0 0.0 1.0 0.0
1738179533951516 0.8521965415124869 -0.5232218025217947 0.0 3.242621748572311 -0.5232218025217947 -0.8521965415124869 0.0 -34.49662838952025 0.0 0.0 1.0 0.0
1738179534201395 0.8483251079904623 -0.5294756945818857 0.0 3.4509493980656476 -0.5294756945818857 -0.8483251079904623 0.0 -34.609370688370575 0.0 0.0 1.0 0.0
1738179534450907 0.8480080791751238 -0.5299832994101955 0.0 3.687000684722756 -0.5299832994101955 -0.8480080791751238 0.0 -34.735577194189645 0.0 0.0 1.0 0.0
1738179534701014 0.8467542591795061 -0.5319842333766723 0.0 3.924062728050162 -0.5319842333766723 -0.8467542591795061 0.0 -34.865411073199716 0.0 0.0 1.0 0.0
1738179534951705 0.8466911762003555 -0.5320846287428895 0.0 4.1405401823814625 -0.5320846287428895 -0.8466911762003555 0.0 -35.01399420467901 0.0 0.0 1.0 0.0
1738179535202187 0.8501381193395866 -0.5265597573360034 0.0 4.367225886628174 -0.5265597573360034 -0.8501381193395866 0.0 -35.17369746278144 0.0 0.0 1.0 0.0
1738179535452349 0.8475988931794604 -0.5306374621914229 0.0 4.599713781203936 -0.5306374621914229 -0.8475988931794604 0.0 -35.305831523618416 0.0 0.0 1.0 0.0
1738179535701619 0.847452655127788 -0.5308709799158948 0.0 4.798986606848724 -0.5308709799158948 -0.847452655127788 0.0 -35.43190881694877 0.0 0.0 1.0 0.0
1738179535951208 0.8418168676684172 -0.5397632456076779 0.0 4.978754771205462 -0.5397632456076779 -0.8418168676684172 0.0 -35.5573303987093 0.0 0.0 1.0 0.0
1738179536200389 0.8410422437739787 -0.540969448478961 0.0 5.1937216378495235 -0.540969448478961 -0.8410422437739787 0.0 -35.720360308764654 0.0 0.0 1.0 0.0
1738179536450119 0.8305803316443561 -0.5568988352345079 0.0 5.435820669947979 -0.5568988352345079 -0.8305803316443561 0.0 -35.89070836855118 0.0 0.0 1.0 0.0
1738179536701137 0.8006036403505145 -0.5991943015896466 0.0 5.662345983005754 -0.5991943015896466 -0.8006036403505145 0.0 -35.99802464496941 0.0 0.0 1.0 0.0
1738179536950296 0.7894316715775218 -0.6138384444707906 0.0 5.855651266676678 -0.6138384444707906 -0.7894316715775218 0.0 -36.094380212555656 0.0 0.0 1.0 0.0
1738179537198659 0.7907035965464007 -0.6121991689055016 0.0 6.043662693447119 -0.6121991689055016 -0.7907035965464007 0.0 -36.24137889334032 0.0 0.0 1.0 0.0
1738179537447608 0.7926154842937024 -0.6097218169443009 0.0 6.234977181073007 -0.6097218169443009 -0.7926154842937024 0.0 -36.417908245890295 0.0 0.0 1.0 0.0
1738179537697256 0.7870448415158547 -0.6168957913969614 0.0 6.481419718521555 -0.6168957913969614 -0.7870448415158547 0.0 -36.59625703038624 0.0 0.0 1.0 0.0
1738179537945911 0.791796882366398 -0.610784493151924 0.0 6.732609774912071 -0.610784493151924 -0.791796882366398 0.0 -36.76278357906697 0.0 0.0 1.0 0.0
1738179538195167 0.7900913138942447 -0.6129891644302258 0.0 6.92801016891904 -0.6129891644302258 -0.7900913138942447 0.0 -36.93958798712065 0.0 0.0 1.0 0.0
1738179538444636 0.7874116888596892 -0.6164274752532792 0.0 7.08743974441356 -0.6164274752532792 -0.7874116888596892 0.0 -37.09437627887822 0.0 0.0 1.0 0.0
1738179538693983 0.7828623912735168 -0.6221948861325617 0.0 7.27228610472613 -0.6221948861325617 -0.7828623912735168 0.0 -37.25607554558989 0.0 0.0 1.0 0.0
1738179538942741 0.7772547344057443 -0.6291860439042303 0.0 7.461671146035772 -0.6291860439042303 -0.7772547344057443 0.0 -37.434399573303864 0.0 0.0 1.0 0.0
1738179539191305 0.7783916653191163 -0.6277789542201402 0.0 7.636449385120776 -0.6277789542201402 -0.7783916653191163 0.0 -37.599906471053636 0.0 0.0 1.0 0.0
1738179539440774 0.7731387750101366 -0.6342368915285719 0.0 7.8624508440588095 -0.6342368915285719 -0.7731387750101366 0.0 -37.76174258182077 0.0 0.0 1.0 0.0
1738179539690361 0.7726052677107027 -0.6348866830432606 0.0 8.072167049620532 -0.6348866830432606 -0.7726052677107027 0.0 -37.91271635044109 0.0 0.0 1.0 0.0
1738179539939988 0.7707546359688582 -0.6371320829565192 0.0 8.244639140435094 -0.6371320829565192 -0.7707546359688582 0.0 -38.0661950800744 0.0 0.0 1.0 0.0
1738179540190882 0.7534697020538977 -0.6574826294943547 0.0 8.438166459489317 -0.6574826294943547 -0.7534697020538977 0.0 -38.22654636336409 0.0 0.0 1.0 0.0
1738179540441929 0.718954821632795 -0.695056806635944 0.0 8.647469402551797 -0.695056806635944 -0.718954821632795 0.0 -38.38536314684069 0.0 0.0 1.0 0.0
1738179540690874 0.7136794376345603 -0.7004724550598816 0.0 8.834232290351304 -0.7004724550598816 -0.7136794376345603 0.0 -38.553544835093106 0.0 0.0 1.0 0.0
1738179540940848 0.7005850104634441 -0.7135689476945701 0.0 9.00859942075689 -0.7135689476945701 -0.7005850104634441 0.0 -38.72141039634728 0.0 0.0 1.0 0.0
1738179541190824 0.6896426872095194 -0.7241498214999664 0.0 9.190452264354976 -0.7241498214999664 -0.6896426872095194 0.0 -38.903890956702156 0.0 0.0 1.0 0.0
1738179541440563 0.678375827433325 -0.7347150718163823 0.0 9.363436608879352 -0.7347150718163823 -0.678375827433325 0.0 -39.088466108428484 0.0 0.0 1.0 0.0
1738179541689944 0.6637581641427125 -0.7479472571872272 0.0 9.517011658988707 -0.7479472571872272 -0.6637581641427125 0.0 -39.26047723707082 0.0 0.0 1.0 0.0
1738179541940325 0.6183677020362968 -0.7858889139556239 0.0 9.685495634078807 -0.7858889139556239 -0.6183677020362968 0.0 -39.46519954914228 0.0 0.0 1.0 0.0
1738179542190236 0.567856529700607 -0.823127548850349 0.0 9.840505199160878 -0.823127548850349 -0.567856529700607 0.0 -39.66960474810117 0.0 0.0 1.0 0.0
1738179542439716 0.5243830803675433 -0.851482463133708 0.0 9.978739478321481 -0.851482463133708 -0.5243830803675433 0.0 -39.86852468693573 0.0 0.0 1.0 0.0
1738179542688961 0.4901163009013908 -0.8716570492979089 0.0 10.115745459266028 -0.8716570492979089 -0.4901163009013908 0.0 -40.08195013376077 0.0 0.0 1.0 0.0
1738179542936812 0.48457132459772734 -0.8747517541437706 0.0 10.22889952491099 -0.8747517541437706 -0.48457132459772734 0.0 -40.289948765244326 0.0 0.0 1.0 0.0
1738179543185002 0.48039519496698646 -0.8770521402132434 0.0 10.370177265135915 -0.8770521402132434 -0.48039519496698646 0.0 -40.49741362311605 0.0 0.0 1.0 0.0
1738179543434502 0.4680746532401631 -0.8836889265992308 0.0 10.516006984540262 -0.8836889265992308 -0.4680746532401631 0.0 -40.689288642621456 0.0 0.0 1.0 0.0
1738179543684430 0.4601241014666972 -0.8878546115493596 0.0 10.662699177949385 -0.8878546115493596 -0.4601241014666972 0.0 -40.913320569442725 0.0 0.0 1.0 0.0
1738179543934923 0.450847167906019 -0.892601160200412 0.0 10.827665663456342 -0.892601160200412 -0.450847167906019 0.0 -41.134552914785615 0.0 0.0 1.0 0.0
1738179544185235 0.44801104273148284 -0.8940280228217956 0.0 10.952940954881582 -0.8940280228217956 -0.44801104273148284 0.0 -41.34795587534598 0.0 0.0 1.0 0.0
1738179544435342 0.43979729732816114 -0.8980970644996257 0.0 11.062390718952107 -0.8980970644996257 -0.43979729732816114 0.0 -41.61149002571129 0.0 0.0 1.0 0.0
1738179544685397 0.42418943033089557 -0.9055734797328983 0.0 11.186089420504924 -0.9055734797328983 -0.42418943033089557 0.0 -41.8732477576679 0.0 0.0 1.0 0.0
1738179544934830 0.40289462701527806 -0.9152463709418464 0.0 11.307656744560697 -0.9152463709418464 -0.40289462701527806 0.0 -42.14315045793544 0.0 0.0 1.0 0.0
1738179545185115 0.36579636490142103 -0.9306949121086385 0.0 11.415251866684123 -0.9306949121086385 -0.36579636490142103 0.0 -42.39921449183202 0.0 0.0 1.0 0.0
1738179545435059 0.32647384441485305 -0.9452062361796956 0.0 11.50095390106943 -0.9452062361796956 -0.32647384441485305 0.0 -42.62266167377173 0.0 0.0 1.0 0.0
1738179545684537 0.28017228281268725 -0.9599497340712835 0.0 11.577764189058389 -0.9599497340712835 -0.28017228281268725 0.0 -42.86080689557509 0.0 0.0 1.0 0.0
1738179545933658 0.23230223192467944 -0.9726436516231485 0.0 11.6336499573044 -0.9726436516231485 -0.23230223192467944 0.0 -43.12709211085262 0.0 0.0 1.0 0.0
1738179546182348 0.1912979751898137 -0.9815320089983196 0.0 11.662536606186796 -0.9815320089983196 -0.1912979751898137 0.0 -43.37905470719788 0.0 0.0 1.0 0.0
