1736972585794822 0.860528381866299 -0.5094024970517607 0.0 0.0 -0.5094024970517607 -0.860528381866299 0.0 0.0 0.0 0.0 1.0 0.0
1736972586044647 0.8600749412981478 -0.5101677129640679 0.0 -0.005303081314522305 -0.5101677129640679 -0.8600749412981478 0.0 -0.0007674014974662171 0.0 0.0 1.0 0.0
1736972586294810 0.8595863368999027 -0.5109905375004579 0.0 -0.015142472911499054 -0.5109905375004579 -0.8595863368999027 0.0 0.003702541469905192 0.0 0.0 1.0 0.0
1736972586544829 0.8591619127139809 -0.511703828148328 0.0 -0.02187304181500105 -0.511703828148328 -0.8591619127139809 0.0 0.010459830544328676 0.0 0.0 1.0 0.0
1736972586794241 0.8587130627163837 -0.5124567063862546 0.0 -0.023500593268488173 -0.5124567063862546 -0.8587130627163837 0.0 0.010930668285473257 0.0 0.0 1.0 0.0
1736972587043161 0.8581554409705796 -0.5133899484140588 0.0 -0.024002650140781272 -0.5133899484140588 -0.8581554409705796 0.0 0.010369269853149718 0.0 0.0 1.0 0.0
1736972587292769 0.8576437926313231 -0.5142442269592923 0.0 -0.027067865586053317 -0.5142442269592923 -0.8576437926313231 0.0 0.015788246390528338 0.0 0.0 1.0 0.0
1736972587542696 0.8572295761567547 -0.5149344169524026 0.0 -0.025180562667864698 -0.5149344169524026 -0.8572295761567547 0.0 0.023835417721037016 0.0 0.0 1.0 0.0
1736972587792572 0.856850105921859 -0.5155656078344433 0.0 -0.025354913612982415 -0.5155656078344433 -0.856850105921859 0.0 0.0287819394332594 0.0 0.0 1.0 0.0
1736972588042684 0.8564267044640224 -0.5162686315096958 0.0 -0.03458595617199621 -0.5162686315096958 -0.8564267044640224 0.0 0.028160080970694525 0.0 0.0 1.0 0.0
1736972588292821 0.8565815547251867 -0.5160116666361158 0.0 -0.0343725284740508 -0.5160116666361158 -0.8565815547251867 0.0 0.028164223646284504 0.0 0.0 1.0 0.0
1736972588542826 0.8565539246204258 -0.516057529949274 0.0 -0.03019793932583491 -0.516057529949274 -0.8565539246204258 0.0 0.029881559912825095 0.0 0.0 1.0 0.0
1736972588792843 0.856500732569439 -0.5161458079922902 0.0 -0.029054454736325536 -0.5161458079922902 -0.856500732569439 0.0 0.029187761715421746 0.0 0.0 1.0 0.0
1736972589042346 0.8564374067944673 -0.5162508772323471 0.0 -0.028664361764406305 -0.5162508772323471 -0.8564374067944673 0.0 0.03116973166146814 0.0 0.0 1.0 0.0
1736972589291701 0.8564227817796916 -0.5162751387087459 0.0 -0.024969756678983452 -0.5162751387087459 -0.8564227817796916 0.0 0.03564639144715565 0.0 0.0 1.0 0.0
1736972589541076 0.8563740004689612 -0.5163560509191188 0.0 -0.0218986191040312 -0.5163560509191188 -0.8563740004689612 0.0 0.036401302859182375 0.0 0.0 1.0 0.0
1736972589791172 0.8564485857621184 -0.516232331364539 0.0 -0.021587514496032148 -0.516232331364539 -0.8564485857621184 0.0 0.03585291153005447 0.0 0.0 1.0 0.0
1736972590041507 0.8563586004105362 -0.5163815909798753 0.0 -0.020907732294926838 -0.5163815909798753 -0.8563586004105362 0.0 0.03562384164461543 0.0 0.0 1.0 0.0
1736972590291208 0.8563231766671013 -0.5164403325678235 0.0 -0.020193095518720085 -0.5164403325678235 -0.8563231766671013 0.0 0.03128203702741687 0.0 0.0 1.0 0.0
1736972590540467 0.8563336761507357 -0.5164229227001516 0.0 -0.01946295465565753 -0.5164229227001516 -0.8563336761507357 0.0 0.030137589867895373 0.0 0.0 1.0 0.0
1736972590789359 0.8563787448200635 -0.5163481823541286 0.0 -0.020649358641666133 -0.5163481823541286 -0.8563787448200635 0.0 0.026904196877793243 0.0 0.0 1.0 0.0
1736972591038597 0.8563791963279862 -0.5163474335141335 0.0 -0.026050128509419502 -0.5163474335141335 -0.8563791963279862 0.0 0.02468662658217454 0.0 0.0 1.0 0.0
1736972591287794 0.8564107401530523 -0.5162951134288422 0.0 -0.030873190808809493 -0.5162951134288422 -0.8564107401530523 0.0 0.026953467030580183 0.0 0.0 1.0 0.0
1736972591536774 0.8563787186734908 -0.516348225718991 0.0 -0.028687606459642544 -0.516348225718991 -0.8563787186734908 0.0 0.023132585372394352 0.0 0.0 1.0 0.0
1736972591785644 0.8562949589329538 -0.51648711823821 0.0 -0.025750124304444993 -0.51648711823821 -0.8562949589329538 0.0 0.022186211309236623 0.0 0.0 1.0 0.0
1736972592034547 0.8563260384922343 -0.5164355872712455 0.0 -0.02362357585541963 -0.5164355872712455 -0.8563260384922343 0.0 0.02562335668530542 0.0 0.0 1.0 0.0
1736972592283922 0.8563471817512244 -0.5164005270201953 0.0 -0.023505223028181046 -0.5164005270201953 -0.8563471817512244 0.0 0.027329325581888476 0.0 0.0 1.0 0.0
1736972592533702 0.8563627095529694 -0.5163747763854237 0.0 -0.025435396040766837 -0.5163747763854237 -0.8563627095529694 0.0 0.026040542314405044 0.0 0.0 1.0 0.0
1736972592783508 0.8563643251934584 -0.5163720969765432 0.0 -0.02766290531567098 -0.5163720969765432 -0.8563643251934584 0.0 0.024296809680175124 0.0 0.0 1.0 0.0
1736972593033128 0.8564278342739895 -0.516266757288094 0.0 -0.029373394886544422 -0.516266757288094 -0.8564278342739895 0.0 0.02713412036069193 0.0 0.0 1.0 0.0
1736972593282591 0.8564167329076726 -0.5162851727444322 0.0 -0.02958242419473295 -0.5162851727444322 -0.8564167329076726 0.0 0.02683551451301324 0.0 0.0 1.0 0.0
1736972593532138 0.8564220671897945 -0.5162763241040199 0.0 -0.026515790948514573 -0.5162763241040199 -0.8564220671897945 0.0 0.025345411540157254 0.0 0.0 1.0 0.0
1736972593782273 0.8563284072671907 -0.5164316594741614 0.0 -0.023831916084301828 -0.5164316594741614 -0.8563284072671907 0.0 0.029805311791787734 0.0 0.0 1.0 0.0
1736972594032210 0.8563251919017068 -0.5164369910400544 0.0 -0.018259931789604295 -0.5164369910400544 -0.8563251919017068 0.0 0.03198316867473966 0.0 0.0 1.0 0.0
1736972594282033 0.8563782090913699 -0.5163490708749828 0.0 -0.0191963576855441 -0.5163490708749828 -0.8563782090913699 0.0 0.030393828893518857 0.0 0.0 1.0 0.0
1736972594531570 0.8563244449468933 -0.5164382295942033 0.0 -0.020601998081777456 -0.5164382295942033 -0.8563244449468933 0.0 0.03259423018273402 0.0 0.0 1.0 0.0
1736972594781186 0.8563475269048925 -0.5163999546513095 0.0 -0.017404997359864262 -0.5163999546513095 -0.8563475269048925 0.0 0.03548568113440299 0.0 0.0 1.0 0.0
1736972595030739 0.8563436021171571 -0.5164064630821462 0.0 -0.01863577373717731 -0.5164064630821462 -0.8563436021171571 0.0 0.03608261923451772 0.0 0.0 1.0 0.0
1736972595280261 0.8563442406032786 -0.5164054042954953 0.0 -0.02079238135476787 -0.5164054042954953 -0.8563442406032786 0.0 0.03571353480473821 0.0 0.0 1.0 0.0
1736972595529318 0.8563825288110642 -0.5163419064410391 0.0 -0.0194042027559289 -0.5163419064410391 -0.8563825288110642 0.0 0.03545442295974422 0.0 0.0 1.0 0.0
1736972595777751 0.8564149057562409 -0.5162882036213193 0.0 -0.016573733271533837 -0.5162882036213193 -0.8564149057562409 0.0 0.03620799841057409 0.0 0.0 1.0 0.0
1736972596026765 0.8564024624407015 -0.5163088439350064 0.0 -0.015218245305954371 -0.5163088439350064 -0.8564024624407015 0.0 0.03504257635522622 0.0 0.0 1.0 0.0
1736972596276792 0.8564074346763386 -0.5163005963884728 0.0 -0.012792424100811885 -0.5163005963884728 -0.8564074346763386 0.0 0.033420225866009144 0.0 0.0 1.0 0.0
1736972596527055 0.8563412341031013 -0.5164103898788031 0.0 -0.010388202658162012 -0.5164103898788031 -0.8563412341031013 0.0 0.03574398381880602 0.0 0.0 1.0 0.0
1736972596776840 0.8562026823544094 -0.5166400746449256 0.0 -0.012180601356937116 -0.5166400746449256 -0.8562026823544094 0.0 0.03889524588123968 0.0 0.0 1.0 0.0
1736972597026235 0.8563125858432423 -0.5164578930817686 0.0 -0.012525058166029071 -0.5164578930817686 -0.8563125858432423 0.0 0.03545391777212908 0.0 0.0 1.0 0.0
1736972597275449 0.8563600088245372 -0.5163792552824313 0.0 -0.013058125005094599 -0.5163792552824313 -0.8563600088245372 0.0 0.03826152804156206 0.0 0.0 1.0 0.0
1736972597525078 0.8543821013883169 -0.5196452875060867 0.0 0.00699260422304435 -0.5196452875060867 -0.8543821013883169 0.0 0.0007740748982493287 0.0 0.0 1.0 0.0
1736972597773908 0.852974924523976 -0.5219518925469255 0.0 0.0559736205736141 -0.5219518925469255 -0.852974924523976 0.0 -0.028858171853478998 0.0 0.0 1.0 0.0
1736972598022057 0.8542727979601675 -0.5198249577168326 0.0 0.11937427143532547 -0.5198249577168326 -0.8542727979601675 0.0 -0.04679757611807731 0.0 0.0 1.0 0.0
1736972598269875 0.8567458845489284 -0.51573878010915 0.0 0.19078606764930167 -0.51573878010915 -0.8567458845489284 0.0 -0.08857205659937337 0.0 0.0 1.0 0.0
1736972598517901 0.8580870360123138 -0.5135042732320754 0.0 0.2577816215649472 -0.5135042732320754 -0.8580870360123138 0.0 -0.12544219755290284 0.0 0.0 1.0 0.0
1736972598767011 0.8593443583389595 -0.5113973736645525 0.0 0.3628638804095161 -0.5113973736645525 -0.8593443583389595 0.0 -0.16941121357991795 0.0 0.0 1.0 0.0
1736972599016646 0.8593848921375538 -0.5113292551436159 0.0 0.4554728343441345 -0.5113292551436159 -0.8593848921375538 0.0 -0.224032193117476 0.0 0.0 1.0 0.0
1736972599266652 0.8571357316881019 -0.5150906109254003 0.0 0.5366236638082366 -0.5150906109254003 -0.8571357316881019 0.0 -0.3058702356395958 0.0 0.0 1.0 0.0
1736972599516270 0.858463261165696 -0.5128750620070718 0.0 0.6343765608771881 -0.5128750620070718 -0.858463261165696 0.0 -0.34717234615646764 0.0 0.0 1.0 0.0
1736972599766697 0.8602370930662525 -0.5098942475777928 0.0 0.6952923152556681 -0.5098942475777928 -0.8602370930662525 0.0 -0.37048872365144586 0.0 0.0 1.0 0.0
1736972600017609 0.859842251900011 -0.5105597926271888 0.0 0.7962352984103687 -0.5105597926271888 -0.859842251900011 0.0 -0.44079421693516296 0.0 0.0 1.0 0.0
1736972600268331 0.8603024354899909 -0.5097839929715233 0.0 0.9021774492171747 -0.5097839929715233 -0.8603024354899909 0.0 -0.47004941252533156 0.0 0.0 1.0 0.0
1736972600519041 0.8607642418903121 -0.5090038505581232 0.0 0.9872933578338785 -0.5090038505581232 -0.8607642418903121 0.0 -0.4844104254248376 0.0 0.0 1.0 0.0
1736972600769813 0.8620902802682706 -0.5067547223923764 0.0 1.0640601053475478 -0.5067547223923764 -0.8620902802682706 0.0 -0.544693268136722 0.0 0.0 1.0 0.0
1736972601020994 0.8626591236853983 -0.5057857612886512 0.0 1.148771321503115 -0.5057857612886512 -0.8626591236853983 0.0 -0.6058090812651644 0.0 0.0 1.0 0.0
1736972601272559 0.8617402992096862 -0.5073496395169711 0.0 1.239523507609057 -0.5073496395169711 -0.8617402992096862 0.0 -0.6350910269404805 0.0 0.0 1.0 0.0
1736972601523783 0.8620395829885558 -0.5068409586457242 0.0 1.3332192282166686 -0.5068409586457242 -0.8620395829885558 0.0 -0.6525567643811812 0.0 0.0 1.0 0.0
1736972601774752 0.8628349418952981 -0.5054857693788595 0.0 1.4300435929077688 -0.5054857693788595 -0.8628349418952981 0.0 -0.7213806179555325 0.0 0.0 1.0 0.0
1736972602025579 0.8651484332516747 -0.5015158905181096 0.0 1.504983596774901 -0.5015158905181096 -0.8651484332516747 0.0 -0.7706595539903743 0.0 0.0 1.0 0.0
1736972602276112 0.8658591776256063 -0.500287801691695 0.0 1.5957095629873899 -0.500287801691695 -0.8658591776256063 0.0 -0.8079655072810995 0.0 0.0 1.0 0.0
1736972602526890 0.8662588752109471 -0.49959539741501285 0.0 1.7366709387468466 -0.49959539741501285 -0.8662588752109471 0.0 -0.9048139263895226 0.0 0.0 1.0 0.0
1736972602777756 0.8670043535978901 -0.4983005627553562 0.0 1.8171032462631447 -0.4983005627553562 -0.8670043535978901 0.0 -0.9657107882524355 0.0 0.0 1.0 0.0
1736972603028333 0.8678833734087589 -0.4967680043648469 0.0 1.8539446682287004 -0.4967680043648469 -0.8678833734087589 0.0 -0.9869763703269971 0.0 0.0 1.0 0.0
1736972603278712 0.8676473443603502 -0.49718013418119583 0.0 1.9863382726014118 -0.49718013418119583 -0.8676473443603502 0.0 -1.0407297710574566 0.0 0.0 1.0 0.0
1736972603528478 0.8690116107252182 -0.49479169397309186 0.0 2.077239170348467 -0.49479169397309186 -0.8690116107252182 0.0 -1.081155339022978 0.0 0.0 1.0 0.0
1736972603778233 0.8683385370132625 -0.4959719600316805 0.0 2.15557585863133 -0.4959719600316805 -0.8683385370132625 0.0 -1.1185797345834072 0.0 0.0 1.0 0.0
1736972604028082 0.8697310849806045 -0.49352592618672064 0.0 2.233382705741246 -0.49352592618672064 -0.8697310849806045 0.0 -1.157856429902401 0.0 0.0 1.0 0.0
1736972604278280 0.8715752096554739 -0.4902618217993489 0.0 2.3032155677406934 -0.4902618217993489 -0.8715752096554739 0.0 -1.1953268303677655 0.0 0.0 1.0 0.0
1736972604528158 0.8746214819426565 -0.48480641840267663 0.0 2.4002304383792854 -0.48480641840267663 -0.8746214819426565 0.0 -1.2567799230837526 0.0 0.0 1.0 0.0
1736972604777982 0.8768055183060955 -0.48084517577696345 0.0 2.5133634585836004 -0.48084517577696345 -0.8768055183060955 0.0 -1.3394650898699947 0.0 0.0 1.0 0.0
1736972605028284 0.8760020363278971 -0.48230740441069064 0.0 2.5885655215263466 -0.48230740441069064 -0.8760020363278971 0.0 -1.3917162437458896 0.0 0.0 1.0 0.0
1736972605277981 0.8746176808690593 -0.4848132757167735 0.0 2.699792533976282 -0.4848132757167735 -0.8746176808690593 0.0 -1.395877764219792 0.0 0.0 1.0 0.0
1736972605526765 0.8752969887892537 -0.48358575394283987 0.0 2.7869518240369375 -0.48358575394283987 -0.8752969887892537 0.0 -1.4071481143720743 0.0 0.0 1.0 0.0
1736972605775718 0.8757519676628918 -0.4827613190123803 0.0 2.8181889291525857 -0.4827613190123803 -0.8757519676628918 0.0 -1.4935312066082926 0.0 0.0 1.0 0.0
1736972606025413 0.8774032431587697 -0.47975363353962486 0.0 2.936794766898164 -0.47975363353962486 -0.8774032431587697 0.0 -1.557911391281125 0.0 0.0 1.0 0.0
1736972606275381 0.8797148065099857 -0.4755016921180178 0.0 3.0222668612209036 -0.4755016921180178 -0.8797148065099857 0.0 -1.5584484679236303 0.0 0.0 1.0 0.0
1736972606525156 0.8868088368140411 -0.46213643759016354 0.0 3.156746591504056 -0.46213643759016354 -0.8868088368140411 0.0 -1.5992253383760044 0.0 0.0 1.0 0.0
1736972606773866 0.9041921019729454 -0.4271260267529321 0.0 3.2942126681932007 -0.4271260267529321 -0.9041921019729454 0.0 -1.6951750923697353 0.0 0.0 1.0 0.0
1736972607024422 0.9013349874315856 -0.43312266210821065 0.0 3.393810011024795 -0.43312266210821065 -0.9013349874315856 0.0 -1.7742507876799516 0.0 0.0 1.0 0.0
1736972607274350 0.9022395198567813 -0.43123525923630657 0.0 3.4947147786962534 -0.43123525923630657 -0.9022395198567813 0.0 -1.784976424052033 0.0 0.0 1.0 0.0
1736972607524372 0.90208313824037 -0.43156229179853656 0.0 3.577753234171971 -0.43156229179853656 -0.90208313824037 0.0 -1.80242959314477 0.0 0.0 1.0 0.0
1736972607774066 0.9029549565189238 -0.42973520509484486 0.0 3.663185629048279 -0.42973520509484486 -0.9029549565189238 0.0 -1.816461285670529 0.0 0.0 1.0 0.0
1736972608023467 0.9066329522981127 -0.4219202410494286 0.0 3.753764230085848 -0.4219202410494286 -0.9066329522981127 0.0 -1.858387996688445 0.0 0.0 1.0 0.0
1736972608273126 0.9062969313289431 -0.42264154110042323 0.0 3.8582583244511386 -0.42264154110042323 -0.9062969313289431 0.0 -1.9046679713486092 0.0 0.0 1.0 0.0
1736972608522781 0.9075110190766303 -0.4200282731608619 0.0 3.9340045219840993 -0.4200282731608619 -0.9075110190766303 0.0 -1.934642494781718 0.0 0.0 1.0 0.0
1736972608772374 0.9092945538018132 -0.4161531141615562 0.0 4.012836370368606 -0.4161531141615562 -0.9092945538018132 0.0 -1.9835313754997455 0.0 0.0 1.0 0.0
1736972609022202 0.9085465683725019 -0.41778359601419324 0.0 4.0937663393814345 -0.41778359601419324 -0.9085465683725019 0.0 -2.015151118093695 0.0 0.0 1.0 0.0
1736972609271871 0.90961551792259 -0.4154510916514942 0.0 4.214927319565642 -0.4154510916514942 -0.90961551792259 0.0 -2.0443846050672456 0.0 0.0 1.0 0.0
1736972609521142 0.9106786907536598 -0.41311538606931586 0.0 4.344476409257177 -0.41311538606931586 -0.9106786907536598 0.0 -2.081608786382871 0.0 0.0 1.0 0.0
1736972609770788 0.9115230230702012 -0.41124904670158363 0.0 4.406639002712167 -0.41124904670158363 -0.9115230230702012 0.0 -2.097126009860707 0.0 0.0 1.0 0.0
1736972610020631 0.9116708204436623 -0.41092130043547187 0.0 4.494979755270859 -0.41092130043547187 -0.9116708204436623 0.0 -2.101448061484043 0.0 0.0 1.0 0.0
1736972610270363 0.9131178085291142 -0.4076958029548353 0.0 4.62856319795611 -0.4076958029548353 -0.9131178085291142 0.0 -2.139492609772263 0.0 0.0 1.0 0.0
1736972610520163 0.9155596577972529 -0.40218218883259493 0.0 4.731138697276965 -0.40218218883259493 -0.9155596577972529 0.0 -2.191750595759849 0.0 0.0 1.0 0.0
1736972610769544 0.9170283825092849 -0.3988219473303902 0.0 4.805635928304718 -0.3988219473303902 -0.9170283825092849 0.0 -2.23690870861695 0.0 0.0 1.0 0.0
1736972611019406 0.9170731383146782 -0.3987190225982037 0.0 4.886598171429982 -0.3987190225982037 -0.9170731383146782 0.0 -2.2843372364130716 0.0 0.0 1.0 0.0
1736972611269320 0.918193564749004 -0.39613202048498475 0.0 4.982965457017924 -0.39613202048498475 -0.918193564749004 0.0 -2.3107131427460694 0.0 0.0 1.0 0.0
1736972611518934 0.9225508519494304 -0.3858755311850959 0.0 5.11603584879392 -0.3858755311850959 -0.9225508519494304 0.0 -2.3145197675445193 0.0 0.0 1.0 0.0
1736972611768586 0.929946892112762 -0.3676938643080882 0.0 5.262876394886616 -0.3676938643080882 -0.929946892112762 0.0 -2.3576824724552172 0.0 0.0 1.0 0.0
1736972612018060 0.937134844344864 -0.34896745337456236 0.0 5.357903298970169 -0.34896745337456236 -0.937134844344864 0.0 -2.4078537542003833 0.0 0.0 1.0 0.0
1736972612267465 0.9448031430906861 -0.3276385520752413 0.0 5.44596264252637 -0.3276385520752413 -0.9448031430906861 0.0 -2.4610657504760867 0.0 0.0 1.0 0.0
1736972612517096 0.9516067268029532 -0.30731846267897694 0.0 5.534249830290942 -0.30731846267897694 -0.9516067268029532 0.0 -2.4988845858934905 0.0 0.0 1.0 0.0
1736972612766740 0.9587012204466477 -0.28441513657699125 0.0 5.603019959494393 -0.28441513657699125 -0.9587012204466477 0.0 -2.5105068804081325 0.0 0.0 1.0 0.0
1736972613017115 0.9607367634041817 -0.2774614774048063 0.0 5.721002368568454 -0.2774614774048063 -0.9607367634041817 0.0 -2.560588841183375 0.0 0.0 1.0 0.0
1736972613267260 0.9620933264422417 -0.2727204268391032 0.0 5.848702947071563 -0.2727204268391032 -0.9620933264422417 0.0 -2.6100242009192414 0.0 0.0 1.0 0.0
1736972613517136 0.9649745620599322 -0.26234346680876675 0.0 5.944519750312247 -0.26234346680876675 -0.9649745620599322 0.0 -2.6421717743959294 0.0 0.0 1.0 0.0
1736972613766047 0.9725030580097863 -0.23289010747907346 0.0 6.029711734789506 -0.23289010747907346 -0.9725030580097863 0.0 -2.677254588772568 0.0 0.0 1.0 0.0
1736972614014493 0.9819918565755652 -0.1889232479587274 0.0 6.123554694929981 -0.1889232479587274 -0.9819918565755652 0.0 -2.69935436234531 0.0 0.0 1.0 0.0
1736972614263974 0.9893068104009471 -0.1458493568525564 0.0 6.231938690488411 -0.1458493568525564 -0.9893068104009471 0.0 -2.7137603530605094 0.0 0.0 1.0 0.0
1736972614514143 0.9943211322196581 -0.10642126677228031 0.0 6.34639489324028 -0.10642126677228031 -0.9943211322196581 0.0 -2.7290758486607714 0.0 0.0 1.0 0.0
1736972614765082 0.995815666126741 -0.09138467648656852 0.0 6.470953486940547 -0.09138467648656852 -0.995815666126741 0.0 -2.7448753897505114 0.0 0.0 1.0 0.0
1736972615015704 0.9969329109375364 -0.07826091674399088 0.0 6.575398359548781 -0.07826091674399088 -0.9969329109375364 0.0 -2.759890012821641 0.0 0.0 1.0 0.0
1736972615265920 0.9979182796467984 -0.06449114006415323 0.0 6.653969374388471 -0.06449114006415323 -0.9979182796467984 0.0 -2.760576708361407 0.0 0.0 1.0 0.0
1736972615516480 0.998291863158133 -0.058423933043432325 0.0 6.773544387296121 -0.058423933043432325 -0.998291863158133 0.0 -2.7761227262978223 0.0 0.0 1.0 0.0
1736972615765993 0.99918840735343 -0.040280598437915 0.0 6.892854929978788 -0.040280598437915 -0.99918840735343 0.0 -2.7944019999782577 0.0 0.0 1.0 0.0
1736972616014528 0.9999998744838308 0.0005010312589848133 0.0 7.007638092418823 0.0005010312589848133 -0.9999998744838308 0.0 -2.8090542225259565 0.0 0.0 1.0 0.0
1736972616264091 0.999632801982581 0.027097254481850443 0.0 7.130224394297041 0.027097254481850443 -0.999632801982581 0.0 -2.791783793493173 0.0 0.0 1.0 0.0
1736972616513895 0.9989910430788375 0.044909863596504854 0.0 7.264459401485695 0.044909863596504854 -0.9989910430788375 0.0 -2.7789843150971367 0.0 0.0 1.0 0.0
1736972616763555 0.9982695949662314 0.05880319520193195 0.0 7.395615181364525 0.05880319520193195 -0.9982695949662314 0.0 -2.77580440709436 0.0 0.0 1.0 0.0
1736972617013001 0.9972811507018686 0.07369061307084454 0.0 7.5360246212899735 0.07369061307084454 -0.9972811507018686 0.0 -2.7861939611508384 0.0 0.0 1.0 0.0
1736972617262587 0.9955914661112404 0.09379569609779964 0.0 7.697291048142657 0.09379569609779964 -0.9955914661112404 0.0 -2.753276852964215 0.0 0.0 1.0 0.0
1736972617512117 0.9926901063649021 0.12069114601013319 0.0 7.841973662570071 0.12069114601013319 -0.9926901063649021 0.0 -2.7218725403661574 0.0 0.0 1.0 0.0
1736972617761691 0.9895553345664494 0.1441535286806475 0.0 8.025512094567965 0.1441535286806475 -0.9895553345664494 0.0 -2.7417761661194926 0.0 0.0 1.0 0.0
1736972618012015 0.9877313528405431 0.15616265435689278 0.0 8.171103882805605 0.15616265435689278 -0.9877313528405431 0.0 -2.6988194834527195 0.0 0.0 1.0 0.0
1736972618262340 0.9854495710962065 0.1699680641364803 0.0 8.297815404179223 0.1699680641364803 -0.9854495710962065 0.0 -2.6785443397912325 0.0 0.0 1.0 0.0
1736972618512441 0.9827026917732716 0.18519022539423222 0.0 8.425079793814769 0.18519022539423222 -0.9827026917732716 0.0 -2.6492636799107037 0.0 0.0 1.0 0.0
1736972618762537 0.9802426184880303 0.19779891025920748 0.0 8.551771334725585 0.19779891025920748 -0.9802426184880303 0.0 -2.619526169661023 0.0 0.0 1.0 0.0
1736972619012587 0.9772516405504017 0.21208307580179261 0.0 8.680490393722822 0.21208307580179261 -0.9772516405504017 0.0 -2.565477491898085 0.0 0.0 1.0 0.0
1736972619261878 0.9738310728085681 0.22727305522765762 0.0 8.786812518242767 0.22727305522765762 -0.9738310728085681 0.0 -2.506088389435425 0.0 0.0 1.0 0.0
1736972619511681 0.9720325463605394 0.2348461811821652 0.0 8.936464866154635 0.2348461811821652 -0.9720325463605394 0.0 -2.489398301981918 0.0 0.0 1.0 0.0
1736972619761037 0.96753545496138 0.2527353228036709 0.0 9.104685818280165 0.2527353228036709 -0.96753545496138 0.0 -2.448057783695472 0.0 0.0 1.0 0.0
1736972620010822 0.964182202486832 0.26524079702723335 0.0 9.258200000315803 0.26524079702723335 -0.964182202486832 0.0 -2.426313453681068 0.0 0.0 1.0 0.0
1736972620260966 0.9614762348619621 0.2748880677578884 0.0 9.4339347583186 0.2748880677578884 -0.9614762348619621 0.0 -2.366741139330322 0.0 0.0 1.0 0.0
1736972620510395 0.9552216065117669 0.2958913355491833 0.0 9.626833069211477 0.2958913355491833 -0.9552216065117669 0.0 -2.2805486369624473 0.0 0.0 1.0 0.0
1736972620758979 0.9459996846633133 0.3241675440523188 0.0 9.774663812689145 0.3241675440523188 -0.9459996846633133 0.0 -2.250534664472493 0.0 0.0 1.0 0.0
1736972621007423 0.9372996793950347 0.34852447691082666 0.0 9.878652770717988 0.34852447691082666 -0.9372996793950347 0.0 -2.190689561984139 0.0 0.0 1.0 0.0
1736972621255367 0.9266128215578446 0.37601685989408773 0.0 9.99334062040256 0.37601685989408773 -0.9266128215578446 0.0 -2.1226025661345465 0.0 0.0 1.0 0.0
1736972621503408 0.9146836481607703 0.4041705380001171 0.0 10.098842466469247 0.4041705380001171 -0.9146836481607703 0.0 -2.094175438216348 0.0 0.0 1.0 0.0
1736972621752086 0.905565774123284 0.42420588012956295 0.0 10.213387776134262 0.42420588012956295 -0.905565774123284 0.0 -2.0751486653653894 0.0 0.0 1.0 0.0
1736972622000599 0.8922476969424763 0.45154628478246467 0.0 10.331871067017287 0.45154628478246467 -0.8922476969424763 0.0 -2.0364075219197653 0.0 0.0 1.0 0.0
1736972622250016 0.8747722787290813 0.4845342716125768 0.0 10.480579535377654 0.4845342716125768 -0.8747722787290813 0.0 -1.9814776967656285 0.0 0.0 1.0 0.0
1736972622501353 0.8713698160319077 0.4906267865786776 0.0 10.63455273989882 0.4906267865786776 -0.8713698160319077 0.0 -1.9180156064007612 0.0 0.0 1.0 0.0
1736972622752496 0.8649285988596753 0.5018949281220509 0.0 10.738944159556883 0.5018949281220509 -0.8649285988596753 0.0 -1.8546631233195465 0.0 0.0 1.0 0.0
1736972623003413 0.8578164981506129 0.5139560832411847 0.0 10.913832294039272 0.5139560832411847 -0.8578164981506129 0.0 -1.820526908509836 0.0 0.0 1.0 0.0
1736972623254074 0.8515652289251301 0.5242486632178386 0.0 11.034773247728896 0.5242486632178386 -0.8515652289251301 0.0 -1.726171442429633 0.0 0.0 1.0 0.0
1736972623504531 0.845451949834122 0.5340514961327992 0.0 11.097763401914763 0.5340514961327992 -0.845451949834122 0.0 -1.623363924712922 0.0 0.0 1.0 0.0
1736972623755014 0.8405776615781726 0.5416910511128746 0.0 11.224885179955214 0.5416910511128746 -0.8405776615781726 0.0 -1.5761756344158029 0.0 0.0 1.0 0.0
1736972624005507 0.8371064739166836 0.5470399906101716 0.0 11.341308588564653 0.5470399906101716 -0.8371064739166836 0.0 -1.5005221131210726 0.0 0.0 1.0 0.0
1736972624255474 0.8319857861118458 0.5547969463757474 0.0 11.449088423543955 0.5547969463757474 -0.8319857861118458 0.0 -1.4145247034673618 0.0 0.0 1.0 0.0
1736972624505129 0.8270250913299899 0.562165009859758 0.0 11.599392970113845 0.562165009859758 -0.8270250913299899 0.0 -1.355688247673687 0.0 0.0 1.0 0.0
1736972624754904 0.8223033808794388 0.5690493386291251 0.0 11.720979949374524 0.5690493386291251 -0.8223033808794388 0.0 -1.2740373477259443 0.0 0.0 1.0 0.0
1736972625004541 0.8144990887192383 0.5801648338838975 0.0 11.833014990212083 0.5801648338838975 -0.8144990887192383 0.0 -1.185568457497573 0.0 0.0 1.0 0.0
1736972625254012 0.8026899073563885 0.5963966068214946 0.0 11.948522500591812 0.5963966068214946 -0.8026899073563885 0.0 -1.0904046083119399 0.0 0.0 1.0 0.0
1736972625503208 0.7825136914922745 0.622633377379605 0.0 12.045636969356007 0.622633377379605 -0.7825136914922745 0.0 -0.9967052269601577 0.0 0.0 1.0 0.0
1736972625752290 0.7577817937083335 0.6525080483213833 0.0 12.166259676551737 0.6525080483213833 -0.7577817937083335 0.0 -0.9292041571390917 0.0 0.0 1.0 0.0
1736972626002388 0.7371686373815634 0.6757088130704003 0.0 12.263218180482909 0.6757088130704003 -0.7371686373815634 0.0 -0.8444977800541474 0.0 0.0 1.0 0.0
1736972626253210 0.7153028005738201 0.6988146417264379 0.0 12.364848851458069 0.6988146417264379 -0.7153028005738201 0.0 -0.7297660628831519 0.0 0.0 1.0 0.0
1736972626504068 0.6949498121780686 0.7190582442011685 0.0 12.472979708647529 0.7190582442011685 -0.6949498121780686 0.0 -0.6147366205037933 0.0 0.0 1.0 0.0
1736972626754739 0.6736269050217102 0.73907157490386 0.0 12.55896238575529 0.73907157490386 -0.6736269050217102 0.0 -0.4979186706998291 0.0 0.0 1.0 0.0
1736972627004986 0.6469954865516092 0.7624938297336226 0.0 12.64921904005754 0.7624938297336226 -0.6469954865516092 0.0 -0.36551344471274116 0.0 0.0 1.0 0.0
1736972627255427 0.6271857533805372 0.7788697135955975 0.0 12.717862631503905 0.7788697135955975 -0.6271857533805372 0.0 -0.27292157153444313 0.0 0.0 1.0 0.0
1736972627506525 0.6229141061353314 0.7822902379408944 0.0 12.795974750169306 0.7822902379408944 -0.6229141061353314 0.0 -0.19213172724781608 0.0 0.0 1.0 0.0
1736972627756770 0.6139444023982037 0.7893492704525118 0.0 12.875965865447899 0.7893492704525118 -0.6139444023982037 0.0 -0.08735388993631771 0.0 0.0 1.0 0.0
1736972628007045 0.6038960933645716 0.7970630517211349 0.0 12.950038051438796 0.7970630517211349 -0.6038960933645716 0.0 0.004891546236652167 0.0 0.0 1.0 0.0
1736972628257141 0.5967509027009531 0.8024265450030911 0.0 13.022754244598953 0.8024265450030911 -0.5967509027009531 0.0 0.0895970860492643 0.0 0.0 1.0 0.0
1736972628507602 0.5932771380238839 0.8049982841585375 0.0 13.072376364097288 0.8049982841585375 -0.5932771380238839 0.0 0.17173589507612086 0.0 0.0 1.0 0.0
1736972628758148 0.5914787245682144 0.8063206052081011 0.0 13.134380504616043 0.8063206052081011 -0.5914787245682144 0.0 0.27393441985694245 0.0 0.0 1.0 0.0
1736972629008083 0.5833286020783542 0.8122362599621572 0.0 13.213439100760242 0.8122362599621572 -0.5833286020783542 0.0 0.3582165436430298 0.0 0.0 1.0 0.0
1736972629257760 0.5747819410946023 0.8183066174677563 0.0 13.293738209860976 0.8183066174677563 -0.5747819410946023 0.0 0.4372940139990064 0.0 0.0 1.0 0.0
1736972629507297 0.5690379335202166 0.8223112733114155 0.0 13.370126779187016 0.8223112733114155 -0.5690379335202166 0.0 0.5495779818331307 0.0 0.0 1.0 0.0
1736972629756838 0.5642197877694233 0.825624630864067 0.0 13.493928493568422 0.825624630864067 -0.5642197877694233 0.0 0.6644995195414678 0.0 0.0 1.0 0.0
1736972630006018 0.5561023419243941 0.8311138221123532 0.0 13.604653206880482 0.8311138221123532 -0.5561023419243941 0.0 0.7949607051859177 0.0 0.0 1.0 0.0
1736972630255655 0.5506063353695003 0.8347650348756644 0.0 13.712903115472326 0.8347650348756644 -0.5506063353695003 0.0 0.9232161999284636 0.0 0.0 1.0 0.0
1736972630505404 0.5441823237318926 0.8389669829842874 0.0 13.814439085035904 0.8389669829842874 -0.5441823237318926 0.0 1.0430150839198842 0.0 0.0 1.0 0.0
1736972630755178 0.5402873290598575 0.8414806011176759 0.0 13.874876462176141 0.8414806011176759 -0.5402873290598575 0.0 1.1908421015495827 0.0 0.0 1.0 0.0
1736972631005323 0.5390633512694933 0.8422652214819883 0.0 13.964154142339586 0.8422652214819883 -0.5390633512694933 0.0 1.3470758321264376 0.0 0.0 1.0 0.0
1736972631255569 0.5348983111640564 0.8449164436285048 0.0 14.058755183035228 0.8449164436285048 -0.5348983111640564 0.0 1.4779142220076296 0.0 0.0 1.0 0.0
1736972631505920 0.5330580963703743 0.8460786404903463 0.0 14.139348144220772 0.8460786404903463 -0.5330580963703743 0.0 1.6143479329589767 0.0 0.0 1.0 0.0
1736972631756162 0.5284625791882327 0.8489565962979031 0.0 14.22081877813149 0.8489565962979031 -0.5284625791882327 0.0 1.7439891344534808 0.0 0.0 1.0 0.0
1736972632006708 0.5275114249533166 0.8495479365778729 0.0 14.292152541394648 0.8495479365778729 -0.5275114249533166 0.0 1.830039669285616 0.0 0.0 1.0 0.0
1736972632256837 0.5264983921653366 0.8501761247219987 0.0 14.363515803272273 0.8501761247219987 -0.5264983921653366 0.0 1.9462730725091686 0.0 0.0 1.0 0.0
1736972632506711 0.5224295723288205 0.8526824391039877 0.0 14.419925513408584 0.8526824391039877 -0.5224295723288205 0.0 2.0839671385060314 0.0 0.0 1.0 0.0
1736972632756852 0.5252489097051474 0.8509486370243236 0.0 14.488665045453835 0.8509486370243236 -0.5252489097051474 0.0 2.1903420057855105 0.0 0.0 1.0 0.0
1736972633006811 0.5225447328324149 0.8526118707765569 0.0 14.55784798050443 0.8526118707765569 -0.5225447328324149 0.0 2.2935639169226425 0.0 0.0 1.0 0.0
1736972633256674 0.519244977993969 0.8546254459282397 0.0 14.609443389891338 0.8546254459282397 -0.519244977993969 0.0 2.4130096782780552 0.0 0.0 1.0 0.0
1736972633506036 0.5160112484314334 0.8565818066549356 0.0 14.66599723256199 0.8565818066549356 -0.5160112484314334 0.0 2.5123096273945644 0.0 0.0 1.0 0.0
1736972633755390 0.5139401450877265 0.857826047207245 0.0 14.719268639191036 0.857826047207245 -0.5139401450877265 0.0 2.5962790195432914 0.0 0.0 1.0 0.0
1736972634004914 0.5141893332977172 0.8576767045471441 0.0 14.794239372620478 0.8576767045471441 -0.5141893332977172 0.0 2.720869834851775 0.0 0.0 1.0 0.0
1736972634254773 0.5210457073998442 0.8535287756134504 0.0 14.866930414602951 0.8535287756134504 -0.5210457073998442 0.0 2.8517775079119443 0.0 0.0 1.0 0.0
1736972634504853 0.5382517795266164 0.842784089691085 0.0 14.902728001852555 0.842784089691085 -0.5382517795266164 0.0 2.9510262090153967 0.0 0.0 1.0 0.0
1736972634754748 0.5528572698156905 0.8332759682193773 0.0 14.938991473814554 0.8332759682193773 -0.5528572698156905 0.0 3.0453926865116707 0.0 0.0 1.0 0.0
1736972635005139 0.5720633185836198 0.820209460766636 0.0 15.023353991243383 0.820209460766636 -0.5720633185836198 0.0 3.1630651985889315 0.0 0.0 1.0 0.0
1736972635255943 0.5982911230938598 0.8012788104193745 0.0 15.104955878006741 0.8012788104193745 -0.5982911230938598 0.0 3.277385725565983 0.0 0.0 1.0 0.0
1736972635506351 0.623863622895034 0.7815332238800106 0.0 15.199366543203874 0.7815332238800106 -0.623863622895034 0.0 3.382702092391678 0.0 0.0 1.0 0.0
1736972635755928 0.6517351505931227 0.7584466319269667 0.0 15.293571667995078 0.7584466319269667 -0.6517351505931227 0.0 3.489619920073742 0.0 0.0 1.0 0.0
1736972636004647 0.6689007330825151 0.7433517399466244 0.0 15.36647464787991 0.7433517399466244 -0.6689007330825151 0.0 3.589690230522036 0.0 0.0 1.0 0.0
1736972636254246 0.69457123246804 0.7194239383199783 0.0 15.482673415955121 0.7194239383199783 -0.69457123246804 0.0 3.6844663588369766 0.0 0.0 1.0 0.0
1736972636503978 0.7245406634936974 0.6892320559464082 0.0 15.593987474418434 0.6892320559464082 -0.7245406634936974 0.0 3.782899316824284 0.0 0.0 1.0 0.0
1736972636753604 0.7503728178615244 0.6610148517352357 0.0 15.691449960413856 0.6610148517352357 -0.7503728178615244 0.0 3.8776759038009154 0.0 0.0 1.0 0.0
1736972637003256 0.7768929575790364 0.6296326964700114 0.0 15.806951846843626 0.6296326964700114 -0.7768929575790364 0.0 3.980463599250251 0.0 0.0 1.0 0.0
1736972637252782 0.8021282240398852 0.5971518334549597 0.0 15.904714760805774 0.5971518334549597 -0.8021282240398852 0.0 4.110767458368601 0.0 0.0 1.0 0.0
1736972637501176 0.8054257123592501 0.592696736848276 0.0 16.007109746692013 0.592696736848276 -0.8054257123592501 0.0 4.186598250153365 0.0 0.0 1.0 0.0
1736972637750376 0.8107032072854361 0.5854573508780184 0.0 16.13822797084999 0.5854573508780184 -0.8107032072854361 0.0 4.244486265599549 0.0 0.0 1.0 0.0
1736972637999812 0.8149473859532693 0.579534949876134 0.0 16.240405397392518 0.579534949876134 -0.8149473859532693 0.0 4.351028637994299 0.0 0.0 1.0 0.0
1736972638248919 0.819828400317111 0.5726092856682353 0.0 16.295393846834337 0.5726092856682353 -0.819828400317111 0.0 4.448387189813996 0.0 0.0 1.0 0.0
1736972638498166 0.8208556598435632 0.5711356981513136 0.0 16.38240204454224 0.5711356981513136 -0.8208556598435632 0.0 4.5293778178138115 0.0 0.0 1.0 0.0
1736972638748254 0.8207326442715246 0.5713124597162844 0.0 16.514545101883954 0.5713124597162844 -0.8207326442715246 0.0 4.620355530598961 0.0 0.0 1.0 0.0
1736972638998242 0.8201564229840504 0.5721393552605932 0.0 16.654223455792202 0.5721393552605932 -0.8201564229840504 0.0 4.730924086380312 0.0 0.0 1.0 0.0
1736972639248388 0.8174878251605193 0.57594587915387 0.0 16.818545623193234 0.57594587915387 -0.8174878251605193 0.0 4.843621666761643 0.0 0.0 1.0 0.0
1736972639499154 0.8260025033443109 0.563666447882905 0.0 16.968435307026688 0.563666447882905 -0.8260025033443109 0.0 4.939528756491348 0.0 0.0 1.0 0.0
1736972639749493 0.831274093483534 0.5558627362066364 0.0 17.11141421391959 0.5558627362066364 -0.831274093483534 0.0 5.018698336827735 0.0 0.0 1.0 0.0
1736972639999793 0.8326047157002877 0.5538676623469211 0.0 17.209180471799765 0.5538676623469211 -0.8326047157002877 0.0 5.119210988338685 0.0 0.0 1.0 0.0
1736972640249986 0.8335378776510544 0.5524623123082477 0.0 17.28598896171464 0.5524623123082477 -0.8335378776510544 0.0 5.217325162673335 0.0 0.0 1.0 0.0
1736972640500087 0.833641040963437 0.5523066311582698 0.0 17.410600566118806 0.5523066311582698 -0.833641040963437 0.0 5.302790260317689 0.0 0.0 1.0 0.0
1736972640750102 0.8355030983265003 0.549485734743695 0.0 17.553290287201957 0.549485734743695 -0.8355030983265003 0.0 5.354791466541504 0.0 0.0 1.0 0.0
1736972641001207 0.8528486432502561 0.5221582056294791 0.0 17.635625081491433 0.5221582056294791 -0.8528486432502561 0.0 5.350805567562292 0.0 0.0 1.0 0.0
1736972641252524 0.8778374324778829 0.47895870609128516 0.0 17.71387699890109 0.47895870609128516 -0.8778374324778829 0.0 5.395306322463922 0.0 0.0 1.0 0.0
1736972641502888 0.8986504737373243 0.4386653919010278 0.0 17.831207086549206 0.4386653919010278 -0.8986504737373243 0.0 5.472640940723285 0.0 0.0 1.0 0.0
1736972641752612 0.9207220354129199 0.3902190839837154 0.0 17.935714842889226 0.3902190839837154 -0.9207220354129199 0.0 5.535926429895777 0.0 0.0 1.0 0.0
1736972642001036 0.9336293464787254 0.3582404826282312 0.0 18.05554838373707 0.3582404826282312 -0.9336293464787254 0.0 5.5774138972204605 0.0 0.0 1.0 0.0
1736972642248708 0.932905204961153 0.36012203286717837 0.0 18.18992593371256 0.36012203286717837 -0.932905204961153 0.0 5.621013722250305 0.0 0.0 1.0 0.0
1736972642497294 0.9333751622227124 0.3589022242139567 0.0 18.32204317112348 0.3589022242139567 -0.9333751622227124 0.0 5.675052110250293 0.0 0.0 1.0 0.0
1736972642746200 0.9337778682492738 0.35785317208017287 0.0 18.42598129463745 0.35785317208017287 -0.9337778682492738 0.0 5.721027212516617 0.0 0.0 1.0 0.0
1736972642995009 0.9341339357628051 0.3569226667729181 0.0 18.54038331148353 0.3569226667729181 -0.9341339357628051 0.0 5.7774994349408875 0.0 0.0 1.0 0.0
1736972643243934 0.934611289094369 0.355670828572378 0.0 18.656405740078103 0.355670828572378 -0.934611289094369 0.0 5.834050463016117 0.0 0.0 1.0 0.0
1736972643493055 0.9336733755541133 0.3581257150518344 0.0 18.76409730242579 0.3581257150518344 -0.9336733755541133 0.0 5.877837514738354 0.0 0.0 1.0 0.0
1736972643742568 0.931630938364046 0.36340582642952657 0.0 18.885490540086717 0.36340582642952657 -0.931630938364046 0.0 5.924848315416166 0.0 0.0 1.0 0.0
1736972643992590 0.9317430381298624 0.36311831528653843 0.0 19.014683746483495 0.36311831528653843 -0.9317430381298624 0.0 5.9705877749780285 0.0 0.0 1.0 0.0
1736972644242586 0.9311694420285137 0.36458671154103584 0.0 19.119161937517546 0.36458671154103584 -0.9311694420285137 0.0 6.006422834428652 0.0 0.0 1.0 0.0
1736972644492402 0.9289229726627473 0.37027302205184337 0.0 19.250030811781553 0.37027302205184337 -0.9289229726627473 0.0 6.048205398317478 0.0 0.0 1.0 0.0
1736972644742822 0.9303209282532826 0.36674646617786316 0.0 19.40127246492481 0.36674646617786316 -0.9303209282532826 0.0 6.1086751345735895 0.0 0.0 1.0 0.0
1736972644993096 0.9256535780169324 0.37837210983957426 0.0 19.52599754254384 0.37837210983957426 -0.9256535780169324 0.0 6.196763157837005 0.0 0.0 1.0 0.0
1736972645243351 0.9198042833664215 0.39237747170394954 0.0 19.655373755680163 0.39237747170394954 -0.9198042833664215 0.0 6.295791197207056 0.0 0.0 1.0 0.0
1736972645493634 0.9150510339144119 0.4033380782075575 0.0 19.799706581773442 0.4033380782075575 -0.9150510339144119 0.0 6.381440026100968 0.0 0.0 1.0 0.0
1736972645743375 0.9072485169705612 0.42059496960224946 0.0 19.96061877427685 0.42059496960224946 -0.9072485169705612 0.0 6.432187938111678 0.0 0.0 1.0 0.0
1736972645993686 0.9088743622754564 0.4170700104279644 0.0 20.134943370794854 0.4170700104279644 -0.9088743622754564 0.0 6.498278418754345 0.0 0.0 1.0 0.0
1736972646243325 0.9076702331011274 0.4196841049434026 0.0 20.28821105682071 0.4196841049434026 -0.9076702331011274 0.0 6.578116462356438 0.0 0.0 1.0 0.0
1736972646492978 0.9055687393919779 0.42419955001864845 0.0 20.43213964260434 0.42419955001864845 -0.9055687393919779 0.0 6.64536000486385 0.0 0.0 1.0 0.0
1736972646743410 0.906111289478858 0.42303939660386375 0.0 20.568498446318184 0.42303939660386375 -0.906111289478858 0.0 6.761010381256173 0.0 0.0 1.0 0.0
1736972646993260 0.9017025501338984 0.43235692556269306 0.0 20.694427070875903 0.43235692556269306 -0.9017025501338984 0.0 6.850658257155142 0.0 0.0 1.0 0.0
1736972647243098 0.8994603761971665 0.4370023245375837 0.0 20.854515195159767 0.4370023245375837 -0.8994603761971665 0.0 6.896224599149267 0.0 0.0 1.0 0.0
1736972647493156 0.8983552406897903 0.43926969110694253 0.0 20.992758478854515 0.43926969110694253 -0.8983552406897903 0.0 6.976028071319435 0.0 0.0 1.0 0.0
1736972647742257 0.8948234288219915 0.44642024061555957 0.0 21.14155259805394 0.44642024061555957 -0.8948234288219915 0.0 7.047128651654573 0.0 0.0 1.0 0.0
1736972647991156 0.8927199807572173 0.4506118462233694 0.0 21.301103031556334 0.4506118462233694 -0.8927199807572173 0.0 7.087759588793491 0.0 0.0 1.0 0.0
1736972648240396 0.890364083095392 0.45524916203514504 0.0 21.425670091391396 0.45524916203514504 -0.890364083095392 0.0 7.143227617035396 0.0 0.0 1.0 0.0
1736972648490338 0.8904717764010878 0.45503847687101256 0.0 21.57367499068998 0.45503847687101256 -0.8904717764010878 0.0 7.211252338659347 0.0 0.0 1.0 0.0
1736972648740559 0.8905355054073878 0.45491374304235754 0.0 21.73874543923243 0.45491374304235754 -0.8905355054073878 0.0 7.280702215014784 0.0 0.0 1.0 0.0
