1736971763638479 -0.7227408383026764 -0.6911191508340258 0.0 0.0 -0.6911191508340258 0.7227408383026764 0.0 0.0 0.0 0.0 1.0 0.0
1736971763888840 -0.7232428514520415 -0.6905937864066839 0.0 0.0033517677160816396 -0.6905937864066839 0.7232428514520415 0.0 0.0020273873962409136 0.0 0.0 1.0 0.0
1736971764139178 -0.723836081597856 -0.6899719755012244 0.0 0.007304163995487328 -0.6899719755012244 0.723836081597856 0.0 0.00231022387200821 0.0 0.0 1.0 0.0
1736971764389871 -0.7244672954391507 -0.6893091743471014 0.0 0.00773529262341984 -0.6893091743471014 0.7244672954391507 0.0 0.005236011870858746 0.0 0.0 1.0 0.0
1736971764640195 -0.7249959567538645 -0.6887531217283511 0.0 0.012209457966576841 -0.6887531217283511 0.7249959567538645 0.0 0.009647589375789604 0.0 0.0 1.0 0.0
1736971764890422 -0.7257692789213666 -0.6879381903732048 0.0 0.021231684114642328 -0.6879381903732048 0.7257692789213666 0.0 0.0065543136935421725 0.0 0.0 1.0 0.0
1736971765140414 -0.7262388351719996 -0.6874424734390635 0.0 0.025414318520019283 -0.6874424734390635 0.7262388351719996 0.0 0.006466568576192513 0.0 0.0 1.0 0.0
1736971765390370 -0.7269044217356163 -0.6867386414504498 0.0 0.02597714592087311 -0.6867386414504498 0.7269044217356163 0.0 0.008371758752028672 0.0 0.0 1.0 0.0
1736971765639459 -0.7275760867105197 -0.6860269951299341 0.0 0.03152590738972645 -0.6860269951299341 0.7275760867105197 0.0 0.007329467299214239 0.0 0.0 1.0 0.0
1736971765888180 -0.727157504058753 -0.6864706579971535 0.0 0.035925056900583695 -0.6864706579971535 0.727157504058753 0.0 0.0052434508043794886 0.0 0.0 1.0 0.0
1736971766137020 -0.7270696109217716 -0.686563748587168 0.0 0.0314291322809126 -0.686563748587168 0.7270696109217716 0.0 0.006353882113329077 0.0 0.0 1.0 0.0
1736971766386039 -0.7272590211143857 -0.6863631081342774 0.0 0.02745390528122602 -0.6863631081342774 0.7272590211143857 0.0 0.00871267829035456 0.0 0.0 1.0 0.0
1736971766635291 -0.727300702219573 -0.6863189408364861 0.0 0.028800645808927494 -0.6863189408364861 0.727300702219573 0.0 0.007461553295912439 0.0 0.0 1.0 0.0
1736971766884999 -0.727442446144636 -0.6861687019582783 0.0 0.030128804688261762 -0.6861687019582783 0.727442446144636 0.0 0.006059958677270624 0.0 0.0 1.0 0.0
1736971767135194 -0.7273245816706722 -0.6862936346037182 0.0 0.028812354934152195 -0.6862936346037182 0.7273245816706722 0.0 0.0035868001522386317 0.0 0.0 1.0 0.0
1736971767384892 -0.727236993818431 -0.6863864471432485 0.0 0.024488047563653605 -0.6863864471432485 0.727236993818431 0.0 0.0002891040591911152 0.0 0.0 1.0 0.0
1736971767634409 -0.727195792635981 -0.6864300978049604 0.0 0.021697117809777892 -0.6864300978049604 0.727195792635981 0.0 0.003713371660399038 0.0 0.0 1.0 0.0
1736971767884047 -0.7270184503180626 -0.6866179235186939 0.0 0.0205549191477069 -0.6866179235186939 0.7270184503180626 0.0 0.00468076864104143 0.0 0.0 1.0 0.0
1736971768134084 -0.7269860510568048 -0.6866522275277587 0.0 0.018761430168123476 -0.6866522275277587 0.7269860510568048 0.0 -0.0007162786690802837 0.0 0.0 1.0 0.0
1736971768383834 -0.7270432126870279 -0.6865917031873641 0.0 0.019975498220234866 -0.6865917031873641 0.7270432126870279 0.0 -0.0018806384480064562 0.0 0.0 1.0 0.0
1736971768633855 -0.7270722399588456 -0.6865609644315842 0.0 0.0226127693828401 -0.6865609644315842 0.7270722399588456 0.0 -0.0019881080307638773 0.0 0.0 1.0 0.0
1736971768884124 -0.7269898772766993 -0.6866481765338126 0.0 0.023414545495427905 -0.6866481765338126 0.7269898772766993 0.0 -0.0011349306422219988 0.0 0.0 1.0 0.0
1736971769134864 -0.7269435774338043 -0.6866971932575104 0.0 0.024459432921507915 -0.6866971932575104 0.7269435774338043 0.0 0.001598818877124786 0.0 0.0 1.0 0.0
1736971769385756 -0.7270416745730711 -0.6865933319177989 0.0 0.026418162127538707 -0.6865933319177989 0.7270416745730711 0.0 0.003257621652220104 0.0 0.0 1.0 0.0
1736971769636345 -0.726972518594703 -0.6866665546013395 0.0 0.026959106640638053 -0.6866665546013395 0.726972518594703 0.0 0.00197773642305018 0.0 0.0 1.0 0.0
1736971769886832 -0.726897670409639 -0.686745787575752 0.0 0.02568878523617541 -0.686745787575752 0.726897670409639 0.0 0.0023334375610678726 0.0 0.0 1.0 0.0
1736971770136767 -0.7268863782089104 -0.6867577397993655 0.0 0.026305039034210997 -0.6867577397993655 0.7268863782089104 0.0 0.003291213140845092 0.0 0.0 1.0 0.0
1736971770386574 -0.726726871620966 -0.6869265274132337 0.0 0.028410079505266913 -0.6869265274132337 0.726726871620966 0.0 0.0008328284951326279 0.0 0.0 1.0 0.0
1736971770636105 -0.726741067820945 -0.6869115083782428 0.0 0.025576905590120037 -0.6869115083782428 0.726741067820945 0.0 -6.80722242193477e-06 0.0 0.0 1.0 0.0
1736971770885684 -0.7268267114313173 -0.6868208875317762 0.0 0.02522654769752934 -0.6868208875317762 0.7268267114313173 0.0 -0.0012853298517569766 0.0 0.0 1.0 0.0
1736971771135183 -0.7268378152161937 -0.6868091367852865 0.0 0.027055574162384258 -0.6868091367852865 0.7268378152161937 0.0 0.0007883978947852061 0.0 0.0 1.0 0.0
1736971771384351 -0.7268372280661975 -0.6868097581550852 0.0 0.02850070380356795 -0.6868097581550852 0.7268372280661975 0.0 0.005081054898824247 0.0 0.0 1.0 0.0
1736971771633326 -0.7269450028169184 -0.6866956843315025 0.0 0.02885248611660649 -0.6866956843315025 0.7269450028169184 0.0 0.006136202336301055 0.0 0.0 1.0 0.0
1736971771882947 -0.7269398435885585 -0.6867011459167972 0.0 0.025821758997496322 -0.6867011459167972 0.7269398435885585 0.0 0.007147536281244462 0.0 0.0 1.0 0.0
1736971772132858 -0.7268635457259194 -0.6867819056256101 0.0 0.022900836435347204 -0.6867819056256101 0.7268635457259194 0.0 0.008111541925645234 0.0 0.0 1.0 0.0
1736971772382859 -0.7268764982800883 -0.6867681968816531 0.0 0.025134951947601125 -0.6867681968816531 0.7268764982800883 0.0 0.008942978554046022 0.0 0.0 1.0 0.0
1736971772632434 -0.7269699794321782 -0.6866692427977087 0.0 0.02678910534941854 -0.6866692427977087 0.7269699794321782 0.0 0.009479346889002229 0.0 0.0 1.0 0.0
1736971772881831 -0.7268865168948596 -0.6867575930096872 0.0 0.024654112187136496 -0.6867575930096872 0.7268865168948596 0.0 0.007089926626435536 0.0 0.0 1.0 0.0
1736971773131235 -0.7267698458937331 -0.6868810603733368 0.0 0.027206344246594558 -0.6868810603733368 0.7267698458937331 0.0 0.006377328830105932 0.0 0.0 1.0 0.0
1736971773380430 -0.7265781006341798 -0.6870838840191406 0.0 0.02492855978068973 -0.6870838840191406 0.7265781006341798 0.0 0.006985998031027256 0.0 0.0 1.0 0.0
1736971773629971 -0.7266675530408527 -0.6869892774691754 0.0 0.020272876734236493 -0.6869892774691754 0.7266675530408527 0.0 0.007288409458092934 0.0 0.0 1.0 0.0
1736971773879664 -0.7265694063866015 -0.6870930779035849 0.0 0.020333119537163564 -0.6870930779035849 0.7265694063866015 0.0 0.006939001149035805 0.0 0.0 1.0 0.0
1736971774129687 -0.7266175486176576 -0.687042166130192 0.0 0.026860317811305753 -0.687042166130192 0.7266175486176576 0.0 0.004230910993043143 0.0 0.0 1.0 0.0
1736971774379791 -0.7266716260247805 -0.6869849692173051 0.0 0.03184001537880748 -0.6869849692173051 0.7266716260247805 0.0 0.00728851071419424 0.0 0.0 1.0 0.0
1736971774628907 -0.7268347394781854 -0.6868123917691631 0.0 0.029670188740452824 -0.6868123917691631 0.7268347394781854 0.0 0.009212728180913817 0.0 0.0 1.0 0.0
1736971774877157 -0.7267589665612569 -0.6868925713114199 0.0 0.027385227726665358 -0.6868925713114199 0.7267589665612569 0.0 0.01019858923078806 0.0 0.0 1.0 0.0
1736971775125674 -0.7265808298954916 -0.6870809978658841 0.0 0.02687606722101269 -0.6870809978658841 0.7265808298954916 0.0 0.00787438008509386 0.0 0.0 1.0 0.0
1736971775375384 -0.7265734951885937 -0.6870887541573001 0.0 0.02963746272708054 -0.6870887541573001 0.7265734951885937 0.0 0.003948468583610265 0.0 0.0 1.0 0.0
1736971775625789 -0.7266497625135708 -0.6870080950316171 0.0 0.028579521241797957 -0.6870080950316171 0.7266497625135708 0.0 0.00446612206549986 0.0 0.0 1.0 0.0
1736971775875887 -0.7266017683872088 -0.6870588549582788 0.0 0.0292068816932907 -0.6870588549582788 0.7266017683872088 0.0 0.0015036147345519647 0.0 0.0 1.0 0.0
1736971776126143 -0.7264834211093981 -0.687183991994273 0.0 0.030925527305304953 -0.687183991994273 0.7264834211093981 0.0 -0.0018887842215671142 0.0 0.0 1.0 0.0
1736971776376791 -0.7265207239530691 -0.6871445536906398 0.0 0.029084294893449537 -0.6871445536906398 0.7265207239530691 0.0 0.002431254648240466 0.0 0.0 1.0 0.0
1736971776627852 -0.7265923104642964 -0.6870688570835937 0.0 0.02983050722422424 -0.6870688570835937 0.7265923104642964 0.0 0.0036116934369139824 0.0 0.0 1.0 0.0
1736971776878876 -0.7265482952480473 -0.6871154012770756 0.0 0.027622009066086466 -0.6871154012770756 0.7265482952480473 0.0 -0.0018773027096163986 0.0 0.0 1.0 0.0
1736971777129495 -0.7264559395031519 -0.6872130440850153 0.0 0.02512459003489523 -0.6872130440850153 0.7264559395031519 0.0 -0.004633599538780123 0.0 0.0 1.0 0.0
1736971777379922 -0.7264425829082242 -0.6872271631255767 0.0 0.025870040140418906 -0.6872271631255767 0.7264425829082242 0.0 -0.006275190979712016 0.0 0.0 1.0 0.0
1736971777629750 -0.7264372497161948 -0.6872328006030933 0.0 0.026807619991030866 -0.6872328006030933 0.7264372497161948 0.0 -0.005956996018363315 0.0 0.0 1.0 0.0
1736971777879562 -0.7264569681221947 -0.6872119567256588 0.0 0.024869084443441665 -0.6872119567256588 0.7264569681221947 0.0 -0.004511146321802105 0.0 0.0 1.0 0.0
1736971778129921 -0.726343047891105 -0.6873323626748998 0.0 0.022746201469597643 -0.6873323626748998 0.726343047891105 0.0 -0.005321953963795243 0.0 0.0 1.0 0.0
1736971778380330 -0.7262911573614768 -0.6873871941915465 0.0 0.022744227482653038 -0.6873871941915465 0.7262911573614768 0.0 -0.005627577418935568 0.0 0.0 1.0 0.0
1736971778630689 -0.7263686129278047 -0.6873053456458323 0.0 0.022098293994368925 -0.6873053456458323 0.7263686129278047 0.0 -0.00690164010912055 0.0 0.0 1.0 0.0
1736971778880139 -0.726269093348358 -0.6874105062093204 0.0 0.02406121592817667 -0.6874105062093204 0.726269093348358 0.0 -0.005737831556525432 0.0 0.0 1.0 0.0
1736971779129020 -0.7262936169946738 -0.6873845953414975 0.0 0.026382621240284142 -0.6873845953414975 0.7262936169946738 0.0 -0.006185012152621467 0.0 0.0 1.0 0.0
1736971779378331 -0.7262428095699298 -0.6874382747185197 0.0 0.02775986724428732 -0.6874382747185197 0.7262428095699298 0.0 -0.00898123358826115 0.0 0.0 1.0 0.0
1736971779628294 -0.7272515923323357 -0.68637097946379 0.0 0.01234179450088814 -0.68637097946379 0.7272515923323357 0.0 -0.019629333223328466 0.0 0.0 1.0 0.0
1736971779878727 -0.7262175668176625 -0.6874649413936933 0.0 -0.0630223525337355 -0.6874649413936933 0.7262175668176625 0.0 -0.09305279889238027 0.0 0.0 1.0 0.0
1736971780129406 -0.7282805581096059 -0.6852790881674131 0.0 -0.17058543444203064 -0.6852790881674131 0.7282805581096059 0.0 -0.19513183445492657 0.0 0.0 1.0 0.0
1736971780379358 -0.7237137171305456 -0.6901003228785572 0.0 -0.2835745483772511 -0.6901003228785572 0.7237137171305456 0.0 -0.29238221761791394 0.0 0.0 1.0 0.0
1736971780630091 -0.7213229512421725 -0.6925988738160659 0.0 -0.3632629180285438 -0.6925988738160659 0.7213229512421725 0.0 -0.4395495301840731 0.0 0.0 1.0 0.0
1736971780881184 -0.7221716552269486 -0.691713886217972 0.0 -0.4534252477053126 -0.691713886217972 0.7221716552269486 0.0 -0.5695730059606017 0.0 0.0 1.0 0.0
1736971781131903 -0.7232305625201827 -0.6906066560906724 0.0 -0.5801390433201744 -0.6906066560906724 0.7232305625201827 0.0 -0.658150432275374 0.0 0.0 1.0 0.0
1736971781381991 -0.7207269142632498 -0.6932190959982093 0.0 -0.6654669570401638 -0.6932190959982093 0.7207269142632498 0.0 -0.7468819491848675 0.0 0.0 1.0 0.0
1736971781631809 -0.7204657449062386 -0.693490526551516 0.0 -0.7634255012479422 -0.693490526551516 0.7204657449062386 0.0 -0.8674962295966592 0.0 0.0 1.0 0.0
1736971781881557 -0.7203699965646276 -0.69358998554584 0.0 -0.8227589706277594 -0.69358998554584 0.7203699965646276 0.0 -0.9733144576943155 0.0 0.0 1.0 0.0
1736971782131379 -0.7177465018981583 -0.6963045016463396 0.0 -0.8807320639435466 -0.6963045016463396 0.7177465018981583 0.0 -1.026224949990637 0.0 0.0 1.0 0.0
1736971782380955 -0.7153338690462496 -0.6987828387956613 0.0 -0.9490380041877156 -0.6987828387956613 0.7153338690462496 0.0 -1.097428692559645 0.0 0.0 1.0 0.0
1736971782630665 -0.7162679280039677 -0.6978253759450879 0.0 -0.9629915548759959 -0.6978253759450879 0.7162679280039677 0.0 -1.1427048743435677 0.0 0.0 1.0 0.0
1736971782880574 -0.7167325079653368 -0.697348199987437 0.0 -0.968903240668113 -0.697348199987437 0.7167325079653368 0.0 -1.155747098177053 0.0 0.0 1.0 0.0
1736971783130693 -0.7174358734906112 -0.6966245527030783 0.0 -0.9848548345851813 -0.6966245527030783 0.7174358734906112 0.0 -1.177056652454027 0.0 0.0 1.0 0.0
1736971783380318 -0.7159195865499477 -0.6981827451277725 0.0 -1.013645684264197 -0.6981827451277725 0.7159195865499477 0.0 -1.224524560453293 0.0 0.0 1.0 0.0
1736971783630184 -0.7162923634136394 -0.6978002938630099 0.0 -1.1329210988869323 -0.6978002938630099 0.7162923634136394 0.0 -1.3322482866382988 0.0 0.0 1.0 0.0
1736971783879364 -0.7123370011200008 -0.7018375857955772 0.0 -1.273720072572297 -0.7018375857955772 0.7123370011200008 0.0 -1.4776201877666069 0.0 0.0 1.0 0.0
1736971784129250 -0.7143322155685289 -0.6998067488964057 0.0 -1.3916863547398504 -0.6998067488964057 0.7143322155685289 0.0 -1.6123919678239378 0.0 0.0 1.0 0.0
1736971784378468 -0.7102641278640367 -0.7039352730681561 0.0 -1.499762316178426 -0.7039352730681561 0.7102641278640367 0.0 -1.717082138351881 0.0 0.0 1.0 0.0
1736971784628421 -0.7124160231069211 -0.7017573726157204 0.0 -1.5811583506462394 -0.7017573726157204 0.7124160231069211 0.0 -1.8352404594687668 0.0 0.0 1.0 0.0
1736971784878541 -0.7111579571054775 -0.703032261027589 0.0 -1.6738406022222816 -0.703032261027589 0.7111579571054775 0.0 -1.9444584707396133 0.0 0.0 1.0 0.0
1736971785128661 -0.7085788290673748 -0.7056316624114229 0.0 -1.7662390532064296 -0.7056316624114229 0.7085788290673748 0.0 -2.0446135896979416 0.0 0.0 1.0 0.0
1736971785378506 -0.7060563387779609 -0.7081556654235434 0.0 -1.8309102358157636 -0.7081556654235434 0.7060563387779609 0.0 -2.144806169857361 0.0 0.0 1.0 0.0
1736971785628561 -0.7023220533289081 -0.7118593494559629 0.0 -1.9427564237554371 -0.7118593494559629 0.7023220533289081 0.0 -2.249678267275587 0.0 0.0 1.0 0.0
1736971785878543 -0.7025553275824405 -0.7116291250964436 0.0 -2.1101713936093707 -0.7116291250964436 0.7025553275824405 0.0 -2.3573092664364452 0.0 0.0 1.0 0.0
1736971786128255 -0.7046678816065124 -0.7095372975624259 0.0 -2.220387788189954 -0.7095372975624259 0.7046678816065124 0.0 -2.4854611636448896 0.0 0.0 1.0 0.0
1736971786377885 -0.7008362589519259 -0.713322183966172 0.0 -2.313678945238687 -0.713322183966172 0.7008362589519259 0.0 -2.604580011655785 0.0 0.0 1.0 0.0
1736971786628472 -0.7019373531417402 -0.712238690513488 0.0 -2.435097713102995 -0.712238690513488 0.7019373531417402 0.0 -2.6911907700996753 0.0 0.0 1.0 0.0
1736971786879243 -0.70234423594549 -0.711837463353922 0.0 -2.5433816386878867 -0.711837463353922 0.70234423594549 0.0 -2.835689355949247 0.0 0.0 1.0 0.0
1736971787128901 -0.6929193972464003 -0.7210150545721534 0.0 -2.669871282574211 -0.7210150545721534 0.6929193972464003 0.0 -2.9862005078672587 0.0 0.0 1.0 0.0
1736971787379317 -0.6973571047380228 -0.7167238439394928 0.0 -2.782468994291402 -0.7167238439394928 0.6973571047380228 0.0 -3.110945242569791 0.0 0.0 1.0 0.0
1736971787627605 -0.6795126143491735 -0.7336638242003973 0.0 -2.853708390208578 -0.7336638242003973 0.6795126143491735 0.0 -3.217622753693005 0.0 0.0 1.0 0.0
1736971787876281 -0.6599078205462894 -0.7513465700872312 0.0 -2.9646771020738565 -0.7513465700872312 0.6599078205462894 0.0 -3.3203983463303692 0.0 0.0 1.0 0.0
1736971788126172 -0.6448234550558578 -0.7643315457377291 0.0 -3.057504287624853 -0.7643315457377291 0.6448234550558578 0.0 -3.4180203422307422 0.0 0.0 1.0 0.0
1736971788376620 -0.6473752485419758 -0.7621714292567094 0.0 -3.1196765936009236 -0.7621714292567094 0.6473752485419758 0.0 -3.541374110217628 0.0 0.0 1.0 0.0
1736971788627008 -0.6435571700507874 -0.7653980460363236 0.0 -3.203677590457327 -0.7653980460363236 0.6435571700507874 0.0 -3.6320038908559136 0.0 0.0 1.0 0.0
1736971788877125 -0.6404651791239998 -0.7679872097435367 0.0 -3.299379301354707 -0.7679872097435367 0.6404651791239998 0.0 -3.6998891685394004 0.0 0.0 1.0 0.0
1736971789126805 -0.6386841154441664 -0.7694690381550794 0.0 -3.365510317990663 -0.7694690381550794 0.6386841154441664 0.0 -3.827984218960006 0.0 0.0 1.0 0.0
1736971789376450 -0.6373249632664034 -0.7705951538891727 0.0 -3.4542741618688706 -0.7705951538891727 0.6373249632664034 0.0 -3.9293739658604108 0.0 0.0 1.0 0.0
1736971789626450 -0.6323040824637628 -0.7747203026251857 0.0 -3.5482093820140155 -0.7747203026251857 0.6323040824637628 0.0 -4.027626868928534 0.0 0.0 1.0 0.0
1736971789877223 -0.6297156169805698 -0.7768257473402774 0.0 -3.610326108811879 -0.7768257473402774 0.6297156169805698 0.0 -4.140390732807403 0.0 0.0 1.0 0.0
1736971790127942 -0.6278045481564645 -0.7783710229152019 0.0 -3.6701570887730615 -0.7783710229152019 0.6278045481564645 0.0 -4.233866940172294 0.0 0.0 1.0 0.0
1736971790377799 -0.6215551842621697 -0.7833703804183691 0.0 -3.7278489779131174 -0.7833703804183691 0.6215551842621697 0.0 -4.326216121333802 0.0 0.0 1.0 0.0
1736971790627677 -0.6151421044261028 -0.7884162551357156 0.0 -3.773212055335468 -0.7884162551357156 0.6151421044261028 0.0 -4.428358987203059 0.0 0.0 1.0 0.0
1736971790877545 -0.6132579009117953 -0.7898827425442708 0.0 -3.842955173400492 -0.7898827425442708 0.6132579009117953 0.0 -4.548688229180301 0.0 0.0 1.0 0.0
1736971791126756 -0.5904750236038324 -0.8070559128710065 0.0 -3.9048935521977923 -0.8070559128710065 0.5904750236038324 0.0 -4.66824374840325 0.0 0.0 1.0 0.0
1736971791376542 -0.5682253519765277 -0.8228729849564581 0.0 -4.005192296957372 -0.8228729849564581 0.5682253519765277 0.0 -4.781013708461552 0.0 0.0 1.0 0.0
1736971791627486 -0.5632951585535687 -0.8262557499649307 0.0 -4.10450492111441 -0.8262557499649307 0.5632951585535687 0.0 -4.880287628426094 0.0 0.0 1.0 0.0
1736971791878073 -0.5561027194439444 -0.8311135695120431 0.0 -4.128898749723759 -0.8311135695120431 0.5561027194439444 0.0 -4.972772993123121 0.0 0.0 1.0 0.0
1736971792128215 -0.5489472447424198 -0.8358569988279728 0.0 -4.214104462314446 -0.8358569988279728 0.5489472447424198 0.0 -5.074831239675415 0.0 0.0 1.0 0.0
1736971792378344 -0.5425956754347973 -0.8399940077163981 0.0 -4.304237997915954 -0.8399940077163981 0.5425956754347973 0.0 -5.177433142143317 0.0 0.0 1.0 0.0
1736971792628616 -0.5303425169443508 -0.8477834716017592 0.0 -4.343828313358095 -0.8477834716017592 0.5303425169443508 0.0 -5.248871491691466 0.0 0.0 1.0 0.0
1736971792878360 -0.5110134015058165 -0.8595727447292957 0.0 -4.39862030053789 -0.8595727447292957 0.5110134015058165 0.0 -5.3016523385814285 0.0 0.0 1.0 0.0
1736971793128445 -0.4922744939799938 -0.870440016644881 0.0 -4.449316016352412 -0.870440016644881 0.4922744939799938 0.0 -5.39818428760027 0.0 0.0 1.0 0.0
1736971793378000 -0.466665369214662 -0.8844339620207621 0.0 -4.547764776789892 -0.8844339620207621 0.466665369214662 0.0 -5.5436048849885164 0.0 0.0 1.0 0.0
1736971793627079 -0.42867928580425224 -0.9034567338408386 0.0 -4.641097894847689 -0.9034567338408386 0.42867928580425224 0.0 -5.686605322400312 0.0 0.0 1.0 0.0
1736971793875987 -0.3942197475114948 -0.9190162080572752 0.0 -4.6724212960361005 -0.9190162080572752 0.3942197475114948 0.0 -5.8154888386709755 0.0 0.0 1.0 0.0
1736971794125198 -0.3630606565871398 -0.9317655067872574 0.0 -4.742987170528459 -0.9317655067872574 0.3630606565871398 0.0 -5.951873681986431 0.0 0.0 1.0 0.0
1736971794374528 -0.3320429417982145 -0.9432642709241073 0.0 -4.815516561723522 -0.9432642709241073 0.3320429417982145 0.0 -6.07457886690624 0.0 0.0 1.0 0.0
1736971794624383 -0.3116833538876309 -0.9501860275279562 0.0 -4.851565406938372 -0.9501860275279562 0.3116833538876309 0.0 -6.188962276876927 0.0 0.0 1.0 0.0
1736971794873502 -0.2842463476127815 -0.9587512784183362 0.0 -4.898373161422076 -0.9587512784183362 0.2842463476127815 0.0 -6.314687862242321 0.0 0.0 1.0 0.0
1736971795122528 -0.2592253185429501 -0.965816874063767 0.0 -4.938649449956547 -0.965816874063767 0.2592253185429501 0.0 -6.449271056602434 0.0 0.0 1.0 0.0
1736971795372095 -0.24663981734435692 -0.9691072182686199 0.0 -4.937351726103464 -0.9691072182686199 0.24663981734435692 0.0 -6.572309662946604 0.0 0.0 1.0 0.0
1736971795621976 -0.2436613089735352 -0.969860385060295 0.0 -4.948978689263781 -0.969860385060295 0.2436613089735352 0.0 -6.720923027158271 0.0 0.0 1.0 0.0
1736971795871099 -0.2286369696213574 -0.9735117544859757 0.0 -5.021513429767077 -0.9735117544859757 0.2286369696213574 0.0 -6.871306547890723 0.0 0.0 1.0 0.0
1736971796120120 -0.21891305444859432 -0.9757443694902815 0.0 -5.048147563262425 -0.9757443694902815 0.21891305444859432 0.0 -7.004331720107459 0.0 0.0 1.0 0.0
1736971796369562 -0.20829151841484492 -0.9780667888014798 0.0 -5.057851737378193 -0.9780667888014798 0.20829151841484492 0.0 -7.149534884571275 0.0 0.0 1.0 0.0
1736971796619969 -0.19943276135087892 -0.9799115131990048 0.0 -5.0945685792337265 -0.9799115131990048 0.19943276135087892 0.0 -7.276505353298221 0.0 0.0 1.0 0.0
1736971796870834 -0.19173968283483195 -0.9814458181817263 0.0 -5.122135589665593 -0.9814458181817263 0.19173968283483195 0.0 -7.426793300508506 0.0 0.0 1.0 0.0
1736971797121342 -0.18239349600329657 -0.9832256163341634 0.0 -5.134009975408387 -0.9832256163341634 0.18239349600329657 0.0 -7.566762675571023 0.0 0.0 1.0 0.0
1736971797371883 -0.16235740305790378 -0.9867320171517154 0.0 -5.134900470275718 -0.9867320171517154 0.16235740305790378 0.0 -7.69440917002336 0.0 0.0 1.0 0.0
1736971797622658 -0.14289827899315016 -0.9897373802483139 0.0 -5.150255307153055 -0.9897373802483139 0.14289827899315016 0.0 -7.830142748872048 0.0 0.0 1.0 0.0
1736971797873449 -0.12841401353961718 -0.9917206467179388 0.0 -5.144211986955713 -0.9917206467179388 0.12841401353961718 0.0 -7.959938258205844 0.0 0.0 1.0 0.0
1736971798124107 -0.10865065576103537 -0.9940799942674113 0.0 -5.1537636515426755 -0.9940799942674113 0.10865065576103537 0.0 -8.12026461047829 0.0 0.0 1.0 0.0
1736971798374341 -0.0859814625109393 -0.9962967369737189 0.0 -5.1943383495690325 -0.9962967369737189 0.0859814625109393 0.0 -8.31375390989746 0.0 0.0 1.0 0.0
1736971798624297 -0.06634958129956124 -0.9977964386894617 0.0 -5.211319266062908 -0.9977964386894617 0.06634958129956124 0.0 -8.519854456499692 0.0 0.0 1.0 0.0
1736971798873579 -0.04208223272166545 -0.9991141504798938 0.0 -5.212249328286514 -0.9991141504798938 0.04208223272166545 0.0 -8.659482817808096 0.0 0.0 1.0 0.0
1736971799123024 -0.01648206839078787 -0.9998641614847298 0.0 -5.242005636262408 -0.9998641614847298 0.01648206839078787 0.0 -8.803940749432366 0.0 0.0 1.0 0.0
1736971799372399 0.005817474994881756 -0.999983078349171 0.0 -5.236513233928019 -0.999983078349171 -0.005817474994881756 0.0 -8.987298046388291 0.0 0.0 1.0 0.0
1736971799621819 0.030305090945948524 -0.9995406952509529 0.0 -5.213834436881775 -0.9995406952509529 -0.030305090945948524 0.0 -9.091034112935077 0.0 0.0 1.0 0.0
1736971799871364 0.05543006244251537 -0.9984625722467613 0.0 -5.225462324299912 -0.9984625722467613 -0.05543006244251537 0.0 -9.186772283380058 0.0 0.0 1.0 0.0
1736971800120760 0.07657381336238436 -0.9970639152567615 0.0 -5.2124454235053586 -0.9970639152567615 -0.07657381336238436 0.0 -9.305639198594307 0.0 0.0 1.0 0.0
1736971800370657 0.09754605225414112 -0.9952310122226056 0.0 -5.177270974235407 -0.9952310122226056 -0.09754605225414112 0.0 -9.40328600306607 0.0 0.0 1.0 0.0
1736971800620908 0.1272834589348017 -0.9918663826754047 0.0 -5.171930461148997 -0.9918663826754047 -0.1272834589348017 0.0 -9.560522041770096 0.0 0.0 1.0 0.0
1736971800871582 0.1506340014412244 -0.988589600193025 0.0 -5.168621116438059 -0.988589600193025 -0.1506340014412244 0.0 -9.686979481544371 0.0 0.0 1.0 0.0
1736971801122446 0.15998476478412474 -0.9871194836679946 0.0 -5.1739614061148425 -0.9871194836679946 -0.15998476478412474 0.0 -9.796089751012934 0.0 0.0 1.0 0.0
1736971801372230 0.17322170543504878 -0.9848828563672805 0.0 -5.17914482036159 -0.9848828563672805 -0.17322170543504878 0.0 -9.952412869150924 0.0 0.0 1.0 0.0
1736971801621875 0.1836903073827844 -0.9829841661866269 0.0 -5.121272218477791 -0.9829841661866269 -0.1836903073827844 0.0 -10.07686409422318 0.0 0.0 1.0 0.0
1736971801872017 0.1867063057352361 -0.982415775218772 0.0 -5.082712581015937 -0.982415775218772 -0.1867063057352361 0.0 -10.204830359419214 0.0 0.0 1.0 0.0
1736971802121770 0.1992976738192552 -0.9799389966779738 0.0 -5.065778780786684 -0.9799389966779738 -0.1992976738192552 0.0 -10.328233836652696 0.0 0.0 1.0 0.0
1736971802371570 0.212902358571905 -0.9770734802022416 0.0 -5.037555645871731 -0.9770734802022416 -0.212902358571905 0.0 -10.45882277251115 0.0 0.0 1.0 0.0
1736971802621031 0.22489390172297402 -0.9743832577419511 0.0 -5.017916026054749 -0.9743832577419511 -0.22489390172297402 0.0 -10.581123452220938 0.0 0.0 1.0 0.0
1736971802870751 0.23731371343433746 -0.9714330658444799 0.0 -4.991522200244386 -0.9714330658444799 -0.23731371343433746 0.0 -10.70962026726286 0.0 0.0 1.0 0.0
1736971803120319 0.25573220261830554 -0.966747661256023 0.0 -4.9746130592869 -0.966747661256023 -0.25573220261830554 0.0 -10.845247079040016 0.0 0.0 1.0 0.0
1736971803369219 0.28597542517283764 -0.9582369520098957 0.0 -4.92818257972784 -0.9582369520098957 -0.28597542517283764 0.0 -10.935312298907256 0.0 0.0 1.0 0.0
1736971803618177 0.3081144133214378 -0.9513493092989485 0.0 -4.872701603375753 -0.9513493092989485 -0.3081144133214378 0.0 -11.044837587722624 0.0 0.0 1.0 0.0
1736971803866470 0.33163673758520346 -0.9434071625145968 0.0 -4.84790844752315 -0.9434071625145968 -0.33163673758520346 0.0 -11.162038183497767 0.0 0.0 1.0 0.0
1736971804114749 0.36006681315609346 -0.9329265191126335 0.0 -4.787500251019987 -0.9329265191126335 -0.36006681315609346 0.0 -11.261595354220754 0.0 0.0 1.0 0.0
1736971804363636 0.3923126146252149 -0.919831947915448 0.0 -4.722349456683288 -0.919831947915448 -0.3923126146252149 0.0 -11.382248401698645 0.0 0.0 1.0 0.0
1736971804612753 0.418816779164448 -0.9080707601780369 0.0 -4.691908682920745 -0.9080707601780369 -0.418816779164448 0.0 -11.49563557801564 0.0 0.0 1.0 0.0
1736971804862740 0.4353531746629927 -0.900259747689995 0.0 -4.658336583326015 -0.900259747689995 -0.4353531746629927 0.0 -11.593041368922501 0.0 0.0 1.0 0.0
1736971805113426 0.4388821053552484 -0.8985446553171101 0.0 -4.594192069106913 -0.8985446553171101 -0.4388821053552484 0.0 -11.701877321497067 0.0 0.0 1.0 0.0
1736971805364062 0.44451740481422275 -0.8957702142945076 0.0 -4.533063180689333 -0.8957702142945076 -0.44451740481422275 0.0 -11.79790735818847 0.0 0.0 1.0 0.0
1736971805614446 0.44976234635788376 -0.8931482697730824 0.0 -4.491800974028211 -0.8931482697730824 -0.44976234635788376 0.0 -11.915219633815704 0.0 0.0 1.0 0.0
1736971805864360 0.4561481076077922 -0.8899038734188259 0.0 -4.4081374935122675 -0.8899038734188259 -0.4561481076077922 0.0 -12.028735577910227 0.0 0.0 1.0 0.0
1736971806114497 0.4637081785923899 -0.8859879937710939 0.0 -4.3303586378816705 -0.8859879937710939 -0.4637081785923899 0.0 -12.098448849929106 0.0 0.0 1.0 0.0
1736971806364518 0.4705100974890466 -0.8823946102288067 0.0 -4.303450661472048 -0.8823946102288067 -0.4705100974890466 0.0 -12.191803763137521 0.0 0.0 1.0 0.0
1736971806614551 0.4822015806963177 -0.8760602922025243 0.0 -4.266866273735421 -0.8760602922025243 -0.4822015806963177 0.0 -12.298630365018438 0.0 0.0 1.0 0.0
1736971806864641 0.4947353669194476 -0.8690436794080487 0.0 -4.202368603088935 -0.8690436794080487 -0.4947353669194476 0.0 -12.391398543807371 0.0 0.0 1.0 0.0
1736971807113871 0.521651361842705 -0.8531587523360767 0.0 -4.142941517697046 -0.8531587523360767 -0.521651361842705 0.0 -12.48308239920636 0.0 0.0 1.0 0.0
1736971807363149 0.5484940096854742 -0.8361544841350496 0.0 -4.0921078706191825 -0.8361544841350496 -0.5484940096854742 0.0 -12.559911620521017 0.0 0.0 1.0 0.0
1736971807612781 0.565455083760795 -0.8247790905746049 0.0 -4.039728984728793 -0.8247790905746049 -0.565455083760795 0.0 -12.619991699220622 0.0 0.0 1.0 0.0
1736971807862453 0.5812229032920703 -0.8137443927233765 0.0 -4.00216002918151 -0.8137443927233765 -0.5812229032920703 0.0 -12.696607654988542 0.0 0.0 1.0 0.0
1736971808112733 0.5934119426371708 -0.8048989168433383 0.0 -3.977319723334598 -0.8048989168433383 -0.5934119426371708 0.0 -12.765642055802656 0.0 0.0 1.0 0.0
1736971808363108 0.5934407522355204 -0.8048776761633656 0.0 -3.9366969727663967 -0.8048776761633656 -0.5934407522355204 0.0 -12.828061773886276 0.0 0.0 1.0 0.0
1736971808612954 0.5984572103941795 -0.8011547711442631 0.0 -3.9010119257706495 -0.8011547711442631 -0.5984572103941795 0.0 -12.89429783989666 0.0 0.0 1.0 0.0
1736971808862290 0.6051717726649876 -0.796094922461836 0.0 -3.8588514937193823 -0.796094922461836 -0.6051717726649876 0.0 -12.994217398543356 0.0 0.0 1.0 0.0
1736971809111834 0.6129916501393478 -0.7900893853605676 0.0 -3.784832102838294 -0.7900893853605676 -0.6129916501393478 0.0 -13.114111891753875 0.0 0.0 1.0 0.0
1736971809361901 0.617844961988385 -0.7862999446429912 0.0 -3.7086964076842066 -0.7862999446429912 -0.617844961988385 0.0 -13.188677876680297 0.0 0.0 1.0 0.0
1736971809611701 0.6232278869129702 -0.7820402809152442 0.0 -3.6327062786671487 -0.7820402809152442 -0.6232278869129702 0.0 -13.251562673759006 0.0 0.0 1.0 0.0
1736971809861352 0.631182281243124 -0.7756345323957192 0.0 -3.5524679168369313 -0.7756345323957192 -0.631182281243124 0.0 -13.356310696834639 0.0 0.0 1.0 0.0
1736971810111102 0.6375906950305339 -0.7703753017915883 0.0 -3.4771712834137984 -0.7703753017915883 -0.6375906950305339 0.0 -13.475821361876044 0.0 0.0 1.0 0.0
1736971810361291 0.6436717215823246 -0.765301714904159 0.0 -3.392774757321726 -0.765301714904159 -0.6436717215823246 0.0 -13.578810039754046 0.0 0.0 1.0 0.0
1736971810611772 0.6487757547795284 -0.7609796449381897 0.0 -3.2808259494728023 -0.7609796449381897 -0.6487757547795284 0.0 -13.697804724751192 0.0 0.0 1.0 0.0
1736971810862031 0.6554271712767978 -0.7552583817158834 0.0 -3.1745583216112143 -0.7552583817158834 -0.6554271712767978 0.0 -13.798612061626711 0.0 0.0 1.0 0.0
1736971811112087 0.6562239846807101 -0.75456615477357 0.0 -3.0993339800714224 -0.75456615477357 -0.6562239846807101 0.0 -13.896089912106492 0.0 0.0 1.0 0.0
1736971811361406 0.6584552906872815 -0.7526198443875418 0.0 -3.0328374997581147 -0.7526198443875418 -0.6584552906872815 0.0 -14.011626819745775 0.0 0.0 1.0 0.0
1736971811610647 0.662221043212237 -0.7493085412077568 0.0 -2.948725720963276 -0.7493085412077568 -0.662221043212237 0.0 -14.0925533370983 0.0 0.0 1.0 0.0
1736971811859864 0.6685928037804272 -0.7436287129562893 0.0 -2.865300022196241 -0.7436287129562893 -0.6685928037804272 0.0 -14.19580784437864 0.0 0.0 1.0 0.0
1736971812109225 0.6705954820353698 -0.7418232265666465 0.0 -2.772824425373092 -0.7418232265666465 -0.6705954820353698 0.0 -14.32102561135862 0.0 0.0 1.0 0.0
1736971812359016 0.6703318918212662 -0.7420614225300507 0.0 -2.667653737371421 -0.7420614225300507 -0.6703318918212662 0.0 -14.414851779830808 0.0 0.0 1.0 0.0
1736971812608223 0.6720452491637438 -0.7405100830349589 0.0 -2.5893351315885766 -0.7405100830349589 -0.6720452491637438 0.0 -14.488147228744918 0.0 0.0 1.0 0.0
1736971812857396 0.673274129544068 -0.7393929580991948 0.0 -2.5156501519831345 -0.7393929580991948 -0.673274129544068 0.0 -14.570848080454716 0.0 0.0 1.0 0.0
1736971813107249 0.6737849189943577 -0.738927522112803 0.0 -2.4181905417842366 -0.738927522112803 -0.6737849189943577 0.0 -14.652520490850105 0.0 0.0 1.0 0.0
1736971813357230 0.678053637738163 -0.7350124246229067 0.0 -2.336704173001622 -0.7350124246229067 -0.678053637738163 0.0 -14.734355162512674 0.0 0.0 1.0 0.0
1736971813607417 0.6808697696532878 -0.7324045035172018 0.0 -2.2683020977759543 -0.7324045035172018 -0.6808697696532878 0.0 -14.804453712238944 0.0 0.0 1.0 0.0
1736971813857182 0.6855906408157516 -0.7279872754559981 0.0 -2.211645436766211 -0.7279872754559981 -0.6855906408157516 0.0 -14.853969758332829 0.0 0.0 1.0 0.0
1736971814107369 0.6818579655888864 -0.7314845963948832 0.0 -2.168547202700127 -0.7314845963948832 -0.6818579655888864 0.0 -14.92313682248663 0.0 0.0 1.0 0.0
1736971814358146 0.6613009459229241 -0.7501206962359096 0.0 -2.0858734717209826 -0.7501206962359096 -0.6613009459229241 0.0 -14.992103763260744 0.0 0.0 1.0 0.0
1736971814609089 0.6289846620515844 -0.7774177094097189 0.0 -1.9935858156550377 -0.7774177094097189 -0.6289846620515844 0.0 -15.07293632230429 0.0 0.0 1.0 0.0
1736971814859660 0.5879067271326052 -0.8089287238021831 0.0 -1.9313405438023654 -0.8089287238021831 -0.5879067271326052 0.0 -15.166866851822146 0.0 0.0 1.0 0.0
1736971815108954 0.5611987486585405 -0.8276810765651758 0.0 -1.8691825064356171 -0.8276810765651758 -0.5611987486585405 0.0 -15.257795669105773 0.0 0.0 1.0 0.0
1736971815356582 0.5700499686546493 -0.8216100250342818 0.0 -1.7838083542300287 -0.8216100250342818 -0.5700499686546493 0.0 -15.326466772698426 0.0 0.0 1.0 0.0
1736971815606289 0.5677590930069962 -0.8231947596455368 0.0 -1.7037646363770529 -0.8231947596455368 -0.5677590930069962 0.0 -15.408199086779307 0.0 0.0 1.0 0.0
1736971815856271 0.5677070281439537 -0.8232306664574396 0.0 -1.6352543320819488 -0.8232306664574396 -0.5677070281439537 0.0 -15.483571315515713 0.0 0.0 1.0 0.0
1736971816106682 0.5596120995905794 -0.8287546669502521 0.0 -1.564042918496109 -0.8287546669502521 -0.5596120995905794 0.0 -15.5513706718965 0.0 0.0 1.0 0.0
1736971816356937 0.5531143719279922 -0.83310533041549 0.0 -1.4871245032651659 -0.83310533041549 -0.5531143719279922 0.0 -15.635891630893454 0.0 0.0 1.0 0.0
1736971816607256 0.5519984982991502 -0.8338451042462761 0.0 -1.428390348465624 -0.8338451042462761 -0.5519984982991502 0.0 -15.722568309679957 0.0 0.0 1.0 0.0
1736971816858287 0.5383570052524986 -0.8427168770681889 0.0 -1.3961506919136246 -0.8427168770681889 -0.5383570052524986 0.0 -15.827497503162288 0.0 0.0 1.0 0.0
1736971817110362 0.48767452157151264 -0.8730255213967092 0.0 -1.3346448400299198 -0.8730255213967092 -0.48767452157151264 0.0 -15.909468386321393 0.0 0.0 1.0 0.0
1736971817361985 0.42301900165320105 -0.9061208110623709 0.0 -1.276155368738726 -0.9061208110623709 -0.42301900165320105 0.0 -16.026889127747843 0.0 0.0 1.0 0.0
1736971817609826 0.41154248110094577 -0.911390578319349 0.0 -1.2134794359520462 -0.911390578319349 -0.41154248110094577 0.0 -16.125360883587966 0.0 0.0 1.0 0.0
1736971817857855 0.4092378693727728 -0.9124277320814143 0.0 -1.1580006949024597 -0.9124277320814143 -0.4092378693727728 0.0 -16.223794664686846 0.0 0.0 1.0 0.0
1736971818106767 0.4093089055272742 -0.9123958679520993 0.0 -1.0975694973625685 -0.9123958679520993 -0.4093089055272742 0.0 -16.344137306455856 0.0 0.0 1.0 0.0
1736971818356352 0.4023924286687269 -0.9154672759580668 0.0 -1.031945377308992 -0.9154672759580668 -0.4023924286687269 0.0 -16.442916175664852 0.0 0.0 1.0 0.0
1736971818605569 0.39702035662786117 -0.9178098040569657 0.0 -0.9780132396480493 -0.9178098040569657 -0.39702035662786117 0.0 -16.544909777306536 0.0 0.0 1.0 0.0
1736971818854939 0.39191932843784705 -0.9199995869547044 0.0 -0.9473465779792337 -0.9199995869547044 -0.39191932843784705 0.0 -16.644948767382125 0.0 0.0 1.0 0.0
1736971819104797 0.3835540402099339 -0.9235184341628684 0.0 -0.9004172154379682 -0.9235184341628684 -0.3835540402099339 0.0 -16.731402111516942 0.0 0.0 1.0 0.0
1736971819355425 0.37338113925553057 -0.927678028654469 0.0 -0.80961538283777 -0.927678028654469 -0.37338113925553057 0.0 -16.800395887423193 0.0 0.0 1.0 0.0
1736971819605841 0.3710065332386877 -0.9286302559653171 0.0 -0.75753331154852 -0.9286302559653171 -0.3710065332386877 0.0 -16.894972024876026 0.0 0.0 1.0 0.0
1736971819856366 0.3705077509595669 -0.9288293742549723 0.0 -0.6906288268117593 -0.9288293742549723 -0.3705077509595669 0.0 -16.99967627067555 0.0 0.0 1.0 0.0
1736971820107139 0.36254192137539537 -0.9319674646925377 0.0 -0.6533646005565552 -0.9319674646925377 -0.36254192137539537 0.0 -17.149098263255475 0.0 0.0 1.0 0.0
1736971820357520 0.35998128832019166 -0.9329595232695441 0.0 -0.6249852406771038 -0.9329595232695441 -0.35998128832019166 0.0 -17.312538512587476 0.0 0.0 1.0 0.0
1736971820608385 0.3523301169205937 -0.9358757870095372 0.0 -0.5674316797737491 -0.9358757870095372 -0.3523301169205937 0.0 -17.44149580657421 0.0 0.0 1.0 0.0
1736971820859912 0.33248436072812715 -0.9431087688444046 0.0 -0.533073400967288 -0.9431087688444046 -0.33248436072812715 0.0 -17.54803994232778 0.0 0.0 1.0 0.0
1736971821111448 0.30131509690870417 -0.9535246259928993 0.0 -0.47129272548529605 -0.9535246259928993 -0.30131509690870417 0.0 -17.633889265376958 0.0 0.0 1.0 0.0
1736971821362035 0.26996015757224984 -0.9628714936706592 0.0 -0.4190403874230771 -0.9628714936706592 -0.26996015757224984 0.0 -17.749650821772853 0.0 0.0 1.0 0.0
1736971821611527 0.25054293981022663 -0.968105487698138 0.0 -0.36164080502161067 -0.968105487698138 -0.25054293981022663 0.0 -17.85805717866926 0.0 0.0 1.0 0.0
1736971821861157 0.2299737558879838 -0.9731968308635074 0.0 -0.30141935912362106 -0.9731968308635074 -0.2299737558879838 0.0 -17.966074997100066 0.0 0.0 1.0 0.0
1736971822110991 0.21093978600801847 -0.977499057124298 0.0 -0.2831481912145474 -0.977499057124298 -0.21093978600801847 0.0 -18.059432547454367 0.0 0.0 1.0 0.0
1736971822361067 0.19197285368577777 -0.9814002361155916 0.0 -0.26023854626643783 -0.9814002361155916 -0.19197285368577777 0.0 -18.136668459570554 0.0 0.0 1.0 0.0
1736971822610913 0.16502750844326378 -0.9862889644810027 0.0 -0.26338011860932026 -0.9862889644810027 -0.16502750844326378 0.0 -18.246416792848912 0.0 0.0 1.0 0.0
1736971822859999 0.15459136270775856 -0.9879784970211436 0.0 -0.28700522508540705 -0.9879784970211436 -0.15459136270775856 0.0 -18.33416783303713 0.0 0.0 1.0 0.0
1736971823109309 0.1485908728179653 -0.9888987574646835 0.0 -0.2797466756929581 -0.9888987574646835 -0.1485908728179653 0.0 -18.416812764727577 0.0 0.0 1.0 0.0
1736971823359281 0.1427618177225471 -0.9897570729227217 0.0 -0.2607030324335811 -0.9897570729227217 -0.1427618177225471 0.0 -18.50986559209271 0.0 0.0 1.0 0.0
1736971823609724 0.1342732869273142 -0.9909443397172895 0.0 -0.24261620866110162 -0.9909443397172895 -0.1342732869273142 0.0 -18.631039233836194 0.0 0.0 1.0 0.0
1736971823860012 0.1292502555605909 -0.9916120065012937 0.0 -0.19313406732484717 -0.9916120065012937 -0.1292502555605909 0.0 -18.7388978782101 0.0 0.0 1.0 0.0
1736971824110194 0.12705221407031556 -0.9918960302873635 0.0 -0.16658744644624596 -0.9918960302873635 -0.12705221407031556 0.0 -18.829149819320826 0.0 0.0 1.0 0.0
1736971824360462 0.12033058141210588 -0.9927338773191052 0.0 -0.15036452670893583 -0.9927338773191052 -0.12033058141210588 0.0 -18.92898529070585 0.0 0.0 1.0 0.0
1736971824609941 0.11871529993006087 -0.992928334555176 0.0 -0.13730295693648717 -0.992928334555176 -0.11871529993006087 0.0 -19.04746159048788 0.0 0.0 1.0 0.0
1736971824859343 0.11490943856597881 -0.9933759715880243 0.0 -0.13983380807022694 -0.9933759715880243 -0.11490943856597881 0.0 -19.165494725551735 0.0 0.0 1.0 0.0
1736971825108606 0.11296773699082006 -0.9935986566009298 0.0 -0.1082770808756042 -0.9935986566009298 -0.11296773699082006 0.0 -19.25767431800194 0.0 0.0 1.0 0.0
1736971825358091 0.10891799390147255 -0.9940507384457187 0.0 -0.08079780222426867 -0.9940507384457187 -0.10891799390147255 0.0 -19.364263655971314 0.0 0.0 1.0 0.0
1736971825608132 0.10275603286905291 -0.994706588753193 0.0 -0.06501874955362197 -0.994706588753193 -0.10275603286905291 0.0 -19.475061538447918 0.0 0.0 1.0 0.0
1736971825857970 0.10386166516670198 -0.9945917526848891 0.0 -0.04244739283389222 -0.9945917526848891 -0.10386166516670198 0.0 -19.57977041267124 0.0 0.0 1.0 0.0
