1744824916676138 0.7734581520243359 -0.6338473689044545 0.0 0.0 -0.6338473689044545 -0.7734581520243359 0.0 0.0 0.0 0.0 1.0 0.0
1744824916926156 0.2638008218125498 -0.9645771749378188 0.0 0.00665970421755716 -0.9645771749378188 -0.2638008218125498 0.0 -0.001317195940885469 0.0 0.0 1.0 0.0
1744824917175808 0.26282290269586517 -0.964844091974719 0.0 0.016848147453501765 -0.964844091974719 -0.26282290269586517 0.0 0.002385198744637517 0.0 0.0 1.0 0.0
1744824917425002 0.261817384123869 -0.9651174319068818 0.0 0.01628352652270467 -0.9651174319068818 -0.261817384123869 0.0 0.002367378255042612 0.0 0.0 1.0 0.0
1744824917674220 0.2611569496808678 -0.9652963522325073 0.0 0.01325857568567931 -0.9652963522325073 -0.2611569496808678 0.0 -0.006271389046327869 0.0 0.0 1.0 0.0
1744824917923747 0.260342309992308 -0.9655163808179897 0.0 0.015278026409573127 -0.9655163808179897 -0.260342309992308 0.0 -0.002218601733051372 0.0 0.0 1.0 0.0
1744824918173346 0.2593694105582587 -0.9657781882330237 0.0 0.016676489466215326 -0.9657781882330237 -0.2593694105582587 0.0 0.0012958080617359348 0.0 0.0 1.0 0.0
1744824918423426 0.25851675955595477 -0.966006772765434 0.0 0.015428191608459756 -0.966006772765434 -0.25851675955595477 0.0 -0.0009558623952687121 0.0 0.0 1.0 0.0
1744824918672986 0.2578072812411678 -0.9661963598249776 0.0 0.010221367072575155 -0.9661963598249776 -0.2578072812411678 0.0 0.0009685044183867277 0.0 0.0 1.0 0.0
1744824918922711 0.256955842699936 -0.9664231448503114 0.0 0.01185713682842154 -0.9664231448503114 -0.256955842699936 0.0 0.006316935854903138 0.0 0.0 1.0 0.0
1744824919172509 0.25589966881265236 -0.9667033461727415 0.0 0.01340555476220094 -0.9667033461727415 -0.25589966881265236 0.0 0.011524786206663315 0.0 0.0 1.0 0.0
1744824919422339 0.25505297287492795 -0.9669270815463086 0.0 0.011655417706331857 -0.9669270815463086 -0.25505297287492795 0.0 0.02013694532482128 0.0 0.0 1.0 0.0
1744824919672231 0.25438297540193555 -0.9671035631335759 0.0 0.012055251805433723 -0.9671035631335759 -0.25438297540193555 0.0 0.02291532499931814 0.0 0.0 1.0 0.0
1744824919922317 0.2535347411627521 -0.9673262815738733 0.0 0.010537099443096222 -0.9673262815738733 -0.2535347411627521 0.0 0.017569291163559743 0.0 0.0 1.0 0.0
1744824920172149 0.25380765248170034 -0.9672547107880781 0.0 0.009000720294995244 -0.9672547107880781 -0.25380765248170034 0.0 0.016917352875308263 0.0 0.0 1.0 0.0
1744824920421741 0.25377491320345136 -0.9672633009830265 0.0 0.009685966309395624 -0.9672633009830265 -0.25377491320345136 0.0 0.016006987079447157 0.0 0.0 1.0 0.0
1744824920671597 0.25362898950613866 -0.9673015743200748 0.0 0.012808405613538463 -0.9673015743200748 -0.25362898950613866 0.0 0.01590366116662658 0.0 0.0 1.0 0.0
1744824920921683 0.25377246399997744 -0.9672639435621389 0.0 0.011607855296156093 -0.9672639435621389 -0.25377246399997744 0.0 0.019734318833724 0.0 0.0 1.0 0.0
1744824921171538 0.2536068680049388 -0.9673073743649048 0.0 0.012307152184663397 -0.9673073743649048 -0.2536068680049388 0.0 0.020747410003473646 0.0 0.0 1.0 0.0
1744824921421457 0.25343418874038265 -0.967352630625205 0.0 0.013266017976839361 -0.967352630625205 -0.25343418874038265 0.0 0.017314178734328875 0.0 0.0 1.0 0.0
1744824921671712 0.2535131024952589 -0.96733195277693 0.0 0.010544363881258841 -0.96733195277693 -0.2535131024952589 0.0 0.01942188775538645 0.0 0.0 1.0 0.0
1744824921922215 0.253426923482402 -0.9673545340020095 0.0 0.011719870275145757 -0.9673545340020095 -0.253426923482402 0.0 0.019970323278893205 0.0 0.0 1.0 0.0
1744824922172310 0.2534659471577667 -0.9673443097632902 0.0 0.011658136680060209 -0.9673443097632902 -0.2534659471577667 0.0 0.013725195521895146 0.0 0.0 1.0 0.0
1744824922421681 0.2536629738601879 -0.9672926628959851 0.0 0.009229648996845948 -0.9672926628959851 -0.2536629738601879 0.0 0.011255051419210464 0.0 0.0 1.0 0.0
1744824922670764 0.25368513174185664 -0.9672868519385122 0.0 0.006473555877548648 -0.9672868519385122 -0.25368513174185664 0.0 0.011925867603494983 0.0 0.0 1.0 0.0
1744824922919865 0.25352149746228525 -0.9673297526306532 0.0 0.0037650307903709106 -0.9673297526306532 -0.25352149746228525 0.0 0.014031251439805898 0.0 0.0 1.0 0.0
1744824923169224 0.25369579610295706 -0.9672840549909251 0.0 0.002508632616355484 -0.9672840549909251 -0.25369579610295706 0.0 0.01495465714230896 0.0 0.0 1.0 0.0
1744824923419257 0.2539208053257773 -0.9672250124054428 0.0 0.0009035037149924119 -0.9672250124054428 -0.2539208053257773 0.0 0.011703196175231734 0.0 0.0 1.0 0.0
1744824923669431 0.25388437932851043 -0.9672345744094228 0.0 -0.0007825017867014491 -0.9672345744094228 -0.25388437932851043 0.0 0.010164545439866573 0.0 0.0 1.0 0.0
1744824923919778 0.2539510107663232 -0.9672170822161709 0.0 -0.0011960126455111126 -0.9672170822161709 -0.2539510107663232 0.0 0.00919866565143551 0.0 0.0 1.0 0.0
1744824924170234 0.25391734112234476 -0.9672259218390289 0.0 0.00013419396622660579 -0.9672259218390289 -0.25391734112234476 0.0 0.012032795666289328 0.0 0.0 1.0 0.0
1744824924420784 0.25395053256695227 -0.9672172077713266 0.0 -0.0007560068624267815 -0.9672172077713266 -0.25395053256695227 0.0 0.012694882312247704 0.0 0.0 1.0 0.0
1744824924671079 0.2541349529247151 -0.9671687679520845 0.0 -0.0022474258554018205 -0.9671687679520845 -0.2541349529247151 0.0 0.012873747897239322 0.0 0.0 1.0 0.0
1744824924921341 0.25423082298198557 -0.9671435718888395 0.0 -0.0022653810810855848 -0.9671435718888395 -0.25423082298198557 0.0 0.01047656146178996 0.0 0.0 1.0 0.0
1744824925171547 0.2541593935758438 -0.9671623455538163 0.0 -0.0050880437685673335 -0.9671623455538163 -0.2541593935758438 0.0 0.006576434498752574 0.0 0.0 1.0 0.0
1744824925421641 0.2543235651911738 -0.9671191882019771 0.0 -0.00672608202449501 -0.9671191882019771 -0.2543235651911738 0.0 0.007949093656222816 0.0 0.0 1.0 0.0
1744824925671698 0.2543227813221204 -0.9671193943358706 0.0 -0.0072771513344858235 -0.9671193943358706 -0.2543227813221204 0.0 0.007046718088487854 0.0 0.0 1.0 0.0
1744824925921625 0.2541920116989359 -0.967153773289671 0.0 -0.008342688878611806 -0.967153773289671 -0.2541920116989359 0.0 0.006013016460267574 0.0 0.0 1.0 0.0
1744824926171237 0.25424261693287925 -0.9671404715630101 0.0 -0.006270228281042117 -0.9671404715630101 -0.25424261693287925 0.0 0.00705197922825187 0.0 0.0 1.0 0.0
1744824926420650 0.25435290654746034 -0.9671114718225915 0.0 -0.004355353768881269 -0.9671114718225915 -0.25435290654746034 0.0 0.006802894653267249 0.0 0.0 1.0 0.0
1744824926670161 0.2545293784964507 -0.9670650420122789 0.0 -0.0031571632755393684 -0.9670650420122789 -0.2545293784964507 0.0 0.006986593929503496 0.0 0.0 1.0 0.0
1744824926919571 0.2543831783682799 -0.9671035097461141 0.0 -0.001940920782727043 -0.9671035097461141 -0.2543831783682799 0.0 0.007640962825991873 0.0 0.0 1.0 0.0
1744824927169206 0.25436156522735515 -0.967109194525153 0.0 -0.0024400200092833894 -0.967109194525153 -0.25436156522735515 0.0 0.0057659988205553915 0.0 0.0 1.0 0.0
1744824927418834 0.25448320799973506 -0.9670771928063261 0.0 -0.005776959183704751 -0.9670771928063261 -0.25448320799973506 0.0 0.0021143849282729233 0.0 0.0 1.0 0.0
1744824927668235 0.2544268082743406 -0.9670920324515823 0.0 -0.007956591556912855 -0.9670920324515823 -0.2544268082743406 0.0 0.0008776470766567728 0.0 0.0 1.0 0.0
1744824927917468 0.25451824715534344 -0.9670679716881186 0.0 -0.006903690454849988 -0.9670679716881186 -0.25451824715534344 0.0 -0.00048788027730995234 0.0 0.0 1.0 0.0
1744824928166941 0.2545009247364213 -0.9670725305313489 0.0 -0.005664686829488233 -0.9670725305313489 -0.2545009247364213 0.0 -0.0041001677204892915 0.0 0.0 1.0 0.0
1744824928416746 0.2546270706282004 -0.9670393243830893 0.0 -0.0069666422812247174 -0.9670393243830893 -0.2546270706282004 0.0 -0.005220470358351481 0.0 0.0 1.0 0.0
1744824928666609 0.25471069921774675 -0.9670173006229035 0.0 -0.008186666382308607 -0.9670173006229035 -0.25471069921774675 0.0 -0.006906158833102742 0.0 0.0 1.0 0.0
1744824928916354 0.2545845897573507 -0.9670505088453663 0.0 -0.007502145063046269 -0.9670505088453663 -0.2545845897573507 0.0 -0.010193473160054728 0.0 0.0 1.0 0.0
1744824929165733 0.2545598448537805 -0.967057022821312 0.0 -0.009179160663076957 -0.967057022821312 -0.2545598448537805 0.0 -0.008737624833172555 0.0 0.0 1.0 0.0
1744824929414582 0.25471941234659234 -0.967015005557725 0.0 -0.01025325566116444 -0.967015005557725 -0.25471941234659234 0.0 -0.006699139760289136 0.0 0.0 1.0 0.0
1744824929663495 0.2544918775042982 -0.9670749114129358 0.0 -0.009804993734087327 -0.9670749114129358 -0.2544918775042982 0.0 -0.007878244476183485 0.0 0.0 1.0 0.0
1744824929912823 0.2545791478469328 -0.9670519414599869 0.0 -0.011357662998177483 -0.9670519414599869 -0.2545791478469328 0.0 -0.007944754559729046 0.0 0.0 1.0 0.0
1744824930162205 0.2546203818573055 -0.9670410855505779 0.0 -0.011500893814122235 -0.9670410855505779 -0.2546203818573055 0.0 -0.00792900969097477 0.0 0.0 1.0 0.0
1744824930411324 0.2547335576546933 -0.9670112794608878 0.0 -0.010125216732380878 -0.9670112794608878 -0.2547335576546933 0.0 -0.008517772708575995 0.0 0.0 1.0 0.0
1744824930661130 0.25479575529682813 -0.9669948929972273 0.0 -0.00955651168228118 -0.9669948929972273 -0.25479575529682813 0.0 -0.009600796835302903 0.0 0.0 1.0 0.0
1744824930911661 0.2549342469235586 -0.966958390907033 0.0 -0.008072733502504589 -0.966958390907033 -0.2549342469235586 0.0 -0.010256982140714655 0.0 0.0 1.0 0.0
1744824931162256 0.2554322805104297 -0.9668269493933449 0.0 -0.0007949302732686743 -0.9668269493933449 -0.2554322805104297 0.0 -0.02122029466578492 0.0 0.0 1.0 0.0
1744824931412571 0.2531594934751784 -0.967424555644207 0.0 0.005090766205151448 -0.967424555644207 -0.2531594934751784 0.0 -0.08558551247153809 0.0 0.0 1.0 0.0
1744824931662793 0.25357284003142705 -0.9673162951167505 0.0 0.02106817640997133 -0.9673162951167505 -0.25357284003142705 0.0 -0.15985168112845777 0.0 0.0 1.0 0.0
1744824931913107 0.25274066100247505 -0.9675340605250196 0.0 0.036719548216746556 -0.9675340605250196 -0.25274066100247505 0.0 -0.2323109479928511 0.0 0.0 1.0 0.0
1744824932162916 0.25282370033530427 -0.967512365062465 0.0 0.0827593984484799 -0.967512365062465 -0.25282370033530427 0.0 -0.390173144346634 0.0 0.0 1.0 0.0
1744824932412124 0.2544002454677708 -0.9670990203210519 0.0 0.13437406843401628 -0.9670990203210519 -0.2544002454677708 0.0 -0.6043487236617147 0.0 0.0 1.0 0.0
1744824932661342 0.2568878534240629 -0.9664412195075174 0.0 0.15203933818183102 -0.9664412195075174 -0.2568878534240629 0.0 -0.8021168013722009 0.0 0.0 1.0 0.0
1744824932910955 0.2563917487495286 -0.9665729518112738 0.0 0.1854211710767479 -0.9665729518112738 -0.2563917487495286 0.0 -0.9741667543829979 0.0 0.0 1.0 0.0
1744824933160451 0.2594435115445685 -0.9657582846227225 0.0 0.21682300173094593 -0.9657582846227225 -0.2594435115445685 0.0 -1.1584127413632 0.0 0.0 1.0 0.0
1744824933410321 0.2595579606800878 -0.9657275314743772 0.0 0.2559464052529739 -0.9657275314743772 -0.2595579606800878 0.0 -1.3391723998653222 0.0 0.0 1.0 0.0
1744824933660148 0.25940322840775687 -0.9657691054758551 0.0 0.30233664120188236 -0.9657691054758551 -0.25940322840775687 0.0 -1.5262499988168639 0.0 0.0 1.0 0.0
1744824933909973 0.26130892780724885 -0.9652552223366763 0.0 0.3202130188141052 -0.9652552223366763 -0.26130892780724885 0.0 -1.7289362777387391 0.0 0.0 1.0 0.0
1744824934159485 0.26258513948571593 -0.9649088270511713 0.0 0.35167154969108305 -0.9649088270511713 -0.26258513948571593 0.0 -1.9183579790959941 0.0 0.0 1.0 0.0
1744824934409373 0.2630943759567039 -0.9647701018066184 0.0 0.4183909284726035 -0.9647701018066184 -0.2630943759567039 0.0 -2.1125049289817297 0.0 0.0 1.0 0.0
1744824934659673 0.26391317682529214 -0.9645464400939865 0.0 0.4569068476553888 -0.9645464400939865 -0.26391317682529214 0.0 -2.2976766320038413 0.0 0.0 1.0 0.0
1744824934909881 0.2638642410593032 -0.964559828258568 0.0 0.49147301681092137 -0.964559828258568 -0.2638642410593032 0.0 -2.491518792562714 0.0 0.0 1.0 0.0
1744824935160059 0.26438632409395546 -0.9644168557382675 0.0 0.5368253993778399 -0.9644168557382675 -0.26438632409395546 0.0 -2.6893964138214583 0.0 0.0 1.0 0.0
1744824935410162 0.26642482130013245 -0.9638557021645889 0.0 0.5757445348451606 -0.9638557021645889 -0.26642482130013245 0.0 -2.8859216539282957 0.0 0.0 1.0 0.0
1744824935660391 0.2668824442223702 -0.9637290910654787 0.0 0.6337947745888466 -0.9637290910654787 -0.2668824442223702 0.0 -3.1005758470210423 0.0 0.0 1.0 0.0
1744824935910569 0.26671690084183586 -0.9637749191617961 0.0 0.69649447796688 -0.9637749191617961 -0.26671690084183586 0.0 -3.3016814440673583 0.0 0.0 1.0 0.0
1744824936160395 0.2673465774497324 -0.963600439770507 0.0 0.7560597698234309 -0.963600439770507 -0.2673465774497324 0.0 -3.496419280285574 0.0 0.0 1.0 0.0
1744824936409842 0.26809383532051306 -0.9633928043446961 0.0 0.8207149416554238 -0.9633928043446961 -0.26809383532051306 0.0 -3.691663322936704 0.0 0.0 1.0 0.0
1744824936659010 0.26863994313386524 -0.9632406661645022 0.0 0.8731685994517068 -0.9632406661645022 -0.26863994313386524 0.0 -3.8859958596195523 0.0 0.0 1.0 0.0
1744824936908629 0.2692464401610154 -0.9630713132788356 0.0 0.931847885747223 -0.9630713132788356 -0.2692464401610154 0.0 -4.100795768972872 0.0 0.0 1.0 0.0
1744824937158981 0.2687370078446468 -0.963213590339498 0.0 0.9997631679131239 -0.963213590339498 -0.2687370078446468 0.0 -4.32788209828491 0.0 0.0 1.0 0.0
1744824937409408 0.27103364583393325 -0.962569874256392 0.0 1.0547953620686656 -0.962569874256392 -0.27103364583393325 0.0 -4.5736000469337466 0.0 0.0 1.0 0.0
1744824937659787 0.27193511504303 -0.962315589194384 0.0 1.124152480777317 -0.962315589194384 -0.27193511504303 0.0 -4.813924380505901 0.0 0.0 1.0 0.0
1744824937909545 0.2713254732775299 -0.9624876557913481 0.0 1.1898344225354311 -0.9624876557913481 -0.2713254732775299 0.0 -5.0417585815144 0.0 0.0 1.0 0.0
1744824938159315 0.27169688800246383 -0.9623828765360369 0.0 1.2620912404071816 -0.9623828765360369 -0.27169688800246383 0.0 -5.248053065056753 0.0 0.0 1.0 0.0
1744824938409341 0.2728305253832781 -0.9620621104788841 0.0 1.3314161741669008 -0.9620621104788841 -0.2728305253832781 0.0 -5.469932385423733 0.0 0.0 1.0 0.0
1744824938659198 0.2736776975636962 -0.9618214584091136 0.0 1.3828907450489454 -0.9618214584091136 -0.2736776975636962 0.0 -5.711869581559409 0.0 0.0 1.0 0.0
1744824938909270 0.2735624956517551 -0.9618542306258177 0.0 1.447292065397149 -0.9618542306258177 -0.2735624956517551 0.0 -5.936487113877656 0.0 0.0 1.0 0.0
1744824939159430 0.2750353259563354 -0.9614341212356116 0.0 1.5111041567304115 -0.9614341212356116 -0.2750353259563354 0.0 -6.167543027787676 0.0 0.0 1.0 0.0
1744824939409693 0.27700740041967886 -0.9608677849281513 0.0 1.5627965538510649 -0.9608677849281513 -0.27700740041967886 0.0 -6.388680798665222 0.0 0.0 1.0 0.0
1744824939660007 0.27667476936292806 -0.9609636163757558 0.0 1.6246700733561932 -0.9609636163757558 -0.27667476936292806 0.0 -6.624462496644137 0.0 0.0 1.0 0.0
1744824939909488 0.2773195086332274 -0.9607777527250647 0.0 1.702746701525762 -0.9607777527250647 -0.2773195086332274 0.0 -6.867913100006553 0.0 0.0 1.0 0.0
1744824940158635 0.2787325889011277 -0.9603687541171231 0.0 1.7859026935747457 -0.9603687541171231 -0.2787325889011277 0.0 -7.089633957113133 0.0 0.0 1.0 0.0
1744824940407605 0.2797577592708521 -0.9600706203856839 0.0 1.8660822597861855 -0.9600706203856839 -0.2797577592708521 0.0 -7.30727767498456 0.0 0.0 1.0 0.0
1744824940656671 0.2795132309527947 -0.960141840418555 0.0 1.9373769146100237 -0.960141840418555 -0.2795132309527947 0.0 -7.544238962898999 0.0 0.0 1.0 0.0
1744824940906056 0.2795054298993765 -0.9601441114003486 0.0 2.0084949781650443 -0.9601441114003486 -0.2795054298993765 0.0 -7.7947030655201095 0.0 0.0 1.0 0.0
1744824941155823 0.2830014842965138 -0.959119471122326 0.0 2.089376381906729 -0.959119471122326 -0.2830014842965138 0.0 -8.027108991199539 0.0 0.0 1.0 0.0
1744824941406352 0.2826568523482141 -0.959221092251729 0.0 2.1647826302404285 -0.959221092251729 -0.2826568523482141 0.0 -8.259790265888205 0.0 0.0 1.0 0.0
1744824941657207 0.2836797610061106 -0.9589190754153951 0.0 2.238144175645712 -0.9589190754153951 -0.2836797610061106 0.0 -8.497121467985767 0.0 0.0 1.0 0.0
1744824941907805 0.2854710123276954 -0.9583873439902059 0.0 2.3126287248336044 -0.9583873439902059 -0.2854710123276954 0.0 -8.728674344058243 0.0 0.0 1.0 0.0
1744824942157995 0.28579701343399927 -0.9582901789709662 0.0 2.3751662147019386 -0.9582901789709662 -0.28579701343399927 0.0 -8.951020184757127 0.0 0.0 1.0 0.0
1744824942408214 0.2864487369304795 -0.9580955699255337 0.0 2.434622538505861 -0.9580955699255337 -0.2864487369304795 0.0 -9.175246650463428 0.0 0.0 1.0 0.0
1744824942658244 0.28731220124253104 -0.95783698979376 0.0 2.5093988454937817 -0.95783698979376 -0.28731220124253104 0.0 -9.416948440155709 0.0 0.0 1.0 0.0
1744824942908129 0.28958548584431454 -0.9571521542515131 0.0 2.583342628369462 -0.9571521542515131 -0.28958548584431454 0.0 -9.64902987649082 0.0 0.0 1.0 0.0
1744824943158272 0.289757904392657 -0.9570999722296392 0.0 2.6595684003775775 -0.9570999722296392 -0.289757904392657 0.0 -9.871545545991076 0.0 0.0 1.0 0.0
1744824943408566 0.29074133780712574 -0.9568016902629943 0.0 2.7340551675017455 -0.9568016902629943 -0.29074133780712574 0.0 -10.112932819652496 0.0 0.0 1.0 0.0
1744824943658680 0.29173642468965666 -0.9564987498733579 0.0 2.799320421558356 -0.9564987498733579 -0.29173642468965666 0.0 -10.359895739242747 0.0 0.0 1.0 0.0
1744824943908743 0.29208044516324855 -0.9563937544511878 0.0 2.8677774794777764 -0.9563937544511878 -0.29208044516324855 0.0 -10.589081124710889 0.0 0.0 1.0 0.0
1744824944158300 0.2934630919351869 -0.9559704041819707 0.0 2.935890814468921 -0.9559704041819707 -0.2934630919351869 0.0 -10.826956351578477 0.0 0.0 1.0 0.0
1744824944407914 0.2941424907413685 -0.9557615786065393 0.0 3.0063495520987833 -0.9557615786065393 -0.2941424907413685 0.0 -11.06636569131198 0.0 0.0 1.0 0.0
1744824944657749 0.29559426534807626 -0.955313576943891 0.0 3.0772402590318038 -0.955313576943891 -0.29559426534807626 0.0 -11.304022025046056 0.0 0.0 1.0 0.0
1744824944907357 0.29713382042558295 -0.9548358459752638 0.0 3.142983567976574 -0.9548358459752638 -0.29713382042558295 0.0 -11.5382535531885 0.0 0.0 1.0 0.0
1744824945156814 0.2981582222321579 -0.9545164611023528 0.0 3.202541225009801 -0.9545164611023528 -0.2981582222321579 0.0 -11.7599543509167 0.0 0.0 1.0 0.0
1744824945405828 0.2978027140630607 -0.9546274370123011 0.0 3.273384896396582 -0.9546274370123011 -0.2978027140630607 0.0 -11.984448679008548 0.0 0.0 1.0 0.0
1744824945654538 0.2993853815061783 -0.9541322724551351 0.0 3.3456576270166543 -0.9541322724551351 -0.2993853815061783 0.0 -12.210720551560412 0.0 0.0 1.0 0.0
1744824945903530 0.3003356855245041 -0.9538335682919354 0.0 3.4174715622299754 -0.9538335682919354 -0.3003356855245041 0.0 -12.464532134194501 0.0 0.0 1.0 0.0
1744824946153152 0.3000833930472908 -0.9539129715111465 0.0 3.4926156599760745 -0.9539129715111465 -0.3000833930472908 0.0 -12.739260899377797 0.0 0.0 1.0 0.0
1744824946402999 0.302447860914077 -0.9531659306901917 0.0 3.587072046252838 -0.9531659306901917 -0.302447860914077 0.0 -12.990872082835859 0.0 0.0 1.0 0.0
1744824946653041 0.30336302036131824 -0.9528750589018785 0.0 3.6786819522876075 -0.9528750589018785 -0.30336302036131824 0.0 -13.260823942803178 0.0 0.0 1.0 0.0
1744824946903179 0.30269714807611015 -0.9530867938160666 0.0 3.7679369613905513 -0.9530867938160666 -0.30269714807611015 0.0 -13.533424144986654 0.0 0.0 1.0 0.0
1744824947153032 0.30457932751154687 -0.9524869727469316 0.0 3.864377776525006 -0.9524869727469316 -0.30457932751154687 0.0 -13.782500933661886 0.0 0.0 1.0 0.0
1744824947402986 0.30574250690313387 -0.9521142365664885 0.0 3.94863690299945 -0.9521142365664885 -0.30574250690313387 0.0 -14.03711787239315 0.0 0.0 1.0 0.0
1744824947653506 0.3060017296788366 -0.9520309561319739 0.0 4.026483962889901 -0.9520309561319739 -0.3060017296788366 0.0 -14.304478285496803 0.0 0.0 1.0 0.0
1744824947904110 0.30694108007593396 -0.9517285187288543 0.0 4.114796509365675 -0.9517285187288543 -0.30694108007593396 0.0 -14.558698450793184 0.0 0.0 1.0 0.0
1744824948154980 0.3097291586678003 -0.9508248252285679 0.0 4.206578939273594 -0.9508248252285679 -0.3097291586678003 0.0 -14.813116461578073 0.0 0.0 1.0 0.0
1744824948406085 0.30968613654474164 -0.9508388385168076 0.0 4.2858505307453205 -0.9508388385168076 -0.30968613654474164 0.0 -15.076254833099748 0.0 0.0 1.0 0.0
1744824948656732 0.3123069969282753 -0.9499812312196712 0.0 4.36950162044401 -0.9499812312196712 -0.3123069969282753 0.0 -15.317074716738928 0.0 0.0 1.0 0.0
1744824948907054 0.3136159041454664 -0.9495499274219454 0.0 4.448025777692634 -0.9495499274219454 -0.3136159041454664 0.0 -15.557304426957574 0.0 0.0 1.0 0.0
1744824949157357 0.3147685543232774 -0.9491684556543344 0.0 4.5076958106263625 -0.9491684556543344 -0.3147685543232774 0.0 -15.760239711354194 0.0 0.0 1.0 0.0
1744824949407984 0.31519610612576 -0.949026561632054 0.0 4.571878936278508 -0.949026561632054 -0.31519610612576 0.0 -15.940649918708143 0.0 0.0 1.0 0.0
1744824949658742 0.31597971451584383 -0.948765945855186 0.0 4.649523815630481 -0.948765945855186 -0.31597971451584383 0.0 -16.15559633401489 0.0 0.0 1.0 0.0
1744824949909281 0.31796940888499176 -0.9481009730051588 0.0 4.726025082727659 -0.9481009730051588 -0.31796940888499176 0.0 -16.39402712569097 0.0 0.0 1.0 0.0
1744824950160231 0.3083067188168212 -0.9512870056572862 0.0 4.803251619579751 -0.9512870056572862 -0.3083067188168212 0.0 -16.625667324470378 0.0 0.0 1.0 0.0
1744824950410976 0.28960481676284516 -0.9571463054871805 0.0 4.863055155780712 -0.9571463054871805 -0.28960481676284516 0.0 -16.84432018691746 0.0 0.0 1.0 0.0
1744824950661502 0.26727358530684797 -0.9636206881326403 0.0 4.917585108297369 -0.9636206881326403 -0.26727358530684797 0.0 -17.076515596284445 0.0 0.0 1.0 0.0
1744824950911705 0.24903712303544215 -0.9684939397591656 0.0 4.989407786853622 -0.9684939397591656 -0.24903712303544215 0.0 -17.309602996462868 0.0 0.0 1.0 0.0
1744824951161167 0.24364731135937476 -0.9698639016209173 0.0 5.035817890604686 -0.9698639016209173 -0.24364731135937476 0.0 -17.549839856380757 0.0 0.0 1.0 0.0
1744824951410706 0.23101717035203043 -0.9729496734171512 0.0 5.084027686391393 -0.9729496734171512 -0.23101717035203043 0.0 -17.78874431852497 0.0 0.0 1.0 0.0
1744824951659839 0.21718948482424758 -0.976129462562102 0.0 5.142398604925492 -0.976129462562102 -0.21718948482424758 0.0 -18.024487643575046 0.0 0.0 1.0 0.0
1744824951909300 0.20320232004915917 -0.9791367714097143 0.0 5.185382436998132 -0.9791367714097143 -0.20320232004915917 0.0 -18.271936344189683 0.0 0.0 1.0 0.0
1744824952158901 0.18605436999988142 -0.9825394503041327 0.0 5.249551564082361 -0.9825394503041327 -0.18605436999988142 0.0 -18.513731961530326 0.0 0.0 1.0 0.0
1744824952408349 0.17190356425115674 -0.9851137825640996 0.0 5.287004879408263 -0.9851137825640996 -0.17190356425115674 0.0 -18.760990089180577 0.0 0.0 1.0 0.0
1744824952657998 0.15386786944783234 -0.9880914323844654 0.0 5.321079934570068 -0.9880914323844654 -0.15386786944783234 0.0 -18.996108864686363 0.0 0.0 1.0 0.0
1744824952907492 0.13907320694523526 -0.9902821027919103 0.0 5.374857656569631 -0.9902821027919103 -0.13907320694523526 0.0 -19.22807211396576 0.0 0.0 1.0 0.0
1744824953157496 0.12371465153469936 -0.9923178346657121 0.0 5.392738667687043 -0.9923178346657121 -0.12371465153469936 0.0 -19.46801879190446 0.0 0.0 1.0 0.0
1744824953406740 0.12261122046823976 -0.9924547791286454 0.0 5.423552062952434 -0.9924547791286454 -0.12261122046823976 0.0 -19.682664482054808 0.0 0.0 1.0 0.0
1744824953656056 0.11578094721569311 -0.9932747717836371 0.0 5.452616345785861 -0.9932747717836371 -0.11578094721569311 0.0 -19.91497721496055 0.0 0.0 1.0 0.0
1744824953905303 0.11119213631690003 -0.9937989277621925 0.0 5.462175383035254 -0.9937989277621925 -0.11119213631690003 0.0 -20.17111610141558 0.0 0.0 1.0 0.0
1744824954155027 0.1023254595734048 -0.9947509740247009 0.0 5.484289519297347 -0.9947509740247009 -0.1023254595734048 0.0 -20.4186183220054 0.0 0.0 1.0 0.0
1744824954404925 0.09539123783272464 -0.9954398584267863 0.0 5.507159920040166 -0.9954398584267863 -0.09539123783272464 0.0 -20.669254121358723 0.0 0.0 1.0 0.0
1744824954655141 0.09014918924855225 -0.9959282723559103 0.0 5.544975663196208 -0.9959282723559103 -0.09014918924855225 0.0 -20.90422647733584 0.0 0.0 1.0 0.0
1744824954905335 0.08452567681180313 -0.9964213014380545 0.0 5.56417527123821 -0.9964213014380545 -0.08452567681180313 0.0 -21.14982356361472 0.0 0.0 1.0 0.0
1744824955155239 0.07995419704625831 -0.9967985385095064 0.0 5.576265952897939 -0.9967985385095064 -0.07995419704625831 0.0 -21.40493287252583 0.0 0.0 1.0 0.0
1744824955404463 0.07380485446030091 -0.9972727026536391 0.0 5.590106483276992 -0.9972727026536391 -0.07380485446030091 0.0 -21.663650318551152 0.0 0.0 1.0 0.0
1744824955653670 0.06955248071452327 -0.9975782938829693 0.0 5.612809482144565 -0.9975782938829693 -0.06955248071452327 0.0 -21.93539835490884 0.0 0.0 1.0 0.0
1744824955902932 0.06536925623000452 -0.9978611428149389 0.0 5.618890029245307 -0.9978611428149389 -0.06536925623000452 0.0 -22.176808444405413 0.0 0.0 1.0 0.0
1744824956152733 0.05908980147904198 -0.9982526711014439 0.0 5.611638581743077 -0.9982526711014439 -0.05908980147904198 0.0 -22.39146723254118 0.0 0.0 1.0 0.0
1744824956402711 0.05375537618869532 -0.9985541345018866 0.0 5.646338502964079 -0.9985541345018866 -0.05375537618869532 0.0 -22.611435836657034 0.0 0.0 1.0 0.0
1744824956652226 0.05060823746780074 -0.9987185821343282 0.0 5.6619193941975245 -0.9987185821343282 -0.05060823746780074 0.0 -22.856780427486953 0.0 0.0 1.0 0.0
1744824956901493 0.04820284656711005 -0.9988375671663675 0.0 5.663848134182394 -0.9988375671663675 -0.04820284656711005 0.0 -23.092119806198564 0.0 0.0 1.0 0.0
1744824957151285 0.04520672127803028 -0.9989776535795436 0.0 5.673202483601286 -0.9989776535795436 -0.04520672127803028 0.0 -23.32741270945259 0.0 0.0 1.0 0.0
1744824957401045 0.0412711027136558 -0.9991479850756839 0.0 5.689372842860419 -0.9991479850756839 -0.0412711027136558 0.0 -23.58930472147474 0.0 0.0 1.0 0.0
1744824957650600 0.039336768774990205 -0.9992260097807419 0.0 5.7052124214027105 -0.9992260097807419 -0.039336768774990205 0.0 -23.842550843080794 0.0 0.0 1.0 0.0
1744824957900423 0.03269665767412361 -0.9994653213478403 0.0 5.71955795818102 -0.9994653213478403 -0.03269665767412361 0.0 -24.08593533695228 0.0 0.0 1.0 0.0
1744824958150234 0.031277139887847714 -0.9995107505777197 0.0 5.734381614985541 -0.9995107505777197 -0.031277139887847714 0.0 -24.323903173007736 0.0 0.0 1.0 0.0
1744824958399872 0.027717529515472846 -0.9996157954722201 0.0 5.748698999745584 -0.9996157954722201 -0.027717529515472846 0.0 -24.554807048799763 0.0 0.0 1.0 0.0
1744824958649479 0.027090998519394477 -0.9996329715446678 0.0 5.750401168064688 -0.9996329715446678 -0.027090998519394477 0.0 -24.796561172527223 0.0 0.0 1.0 0.0
1744824958899608 0.02417328874274825 -0.9997077833603978 0.0 5.768347262378285 -0.9997077833603978 -0.02417328874274825 0.0 -25.05175458043748 0.0 0.0 1.0 0.0
1744824959149612 0.02232347222786873 -0.9997508002435866 0.0 5.790444806643844 -0.9997508002435866 -0.02232347222786873 0.0 -25.302539882618376 0.0 0.0 1.0 0.0
1744824959399743 0.021200228459731938 -0.9997752499003242 0.0 5.786348903936755 -0.9997752499003242 -0.021200228459731938 0.0 -25.560700354400513 0.0 0.0 1.0 0.0
1744824959649895 0.018493055727733097 -0.9998289888225143 0.0 5.774857997957566 -0.9998289888225143 -0.018493055727733097 0.0 -25.82379999402807 0.0 0.0 1.0 0.0
1744824959899850 0.015023905846129079 -0.999887134757282 0.0 5.760914634680002 -0.999887134757282 -0.015023905846129079 0.0 -26.0797848957709 0.0 0.0 1.0 0.0
1744824960149789 0.0116449119691203 -0.9999321957139051 0.0 5.763770416865192 -0.9999321957139051 -0.0116449119691203 0.0 -26.316842840926228 0.0 0.0 1.0 0.0
1744824960399186 0.011384272434178298 -0.9999351970708625 0.0 5.7780091031712555 -0.9999351970708625 -0.011384272434178298 0.0 -26.55128970723018 0.0 0.0 1.0 0.0
1744824960648874 0.008983862341154385 -0.9999596442944263 0.0 5.782590720931155 -0.9999596442944263 -0.008983862341154385 0.0 -26.817774345469093 0.0 0.0 1.0 0.0
1744824960898323 0.004692112690710438 -0.9999889919786606 0.0 5.801447804158466 -0.9999889919786606 -0.004692112690710438 0.0 -27.078917985504898 0.0 0.0 1.0 0.0
1744824961147316 0.0072788966201792005 -0.9999735084810961 0.0 5.810628759807825 -0.9999735084810961 -0.0072788966201792005 0.0 -27.34945850734901 0.0 0.0 1.0 0.0
1744824961396886 0.003476115976249857 -0.9999939582906088 0.0 5.811410962753838 -0.9999939582906088 -0.003476115976249857 0.0 -27.636937911966413 0.0 0.0 1.0 0.0
1744824961646767 -0.0007749081506773061 -0.9999996997586339 0.0 5.837564050007219 -0.9999996997586339 0.0007749081506773061 0.0 -27.913246646659204 0.0 0.0 1.0 0.0
1744824961896933 -0.0006077743221409278 -0.9999998153051696 0.0 5.849051619604841 -0.9999998153051696 0.0006077743221409278 0.0 -28.20183801476547 0.0 0.0 1.0 0.0
1744824962147526 -0.000941993412399947 -0.9999995563241071 0.0 5.849776803557707 -0.9999995563241071 0.000941993412399947 0.0 -28.49222816472464 0.0 0.0 1.0 0.0
1744824962398028 -0.002539180225844946 -0.9999967762766941 0.0 5.859496037990842 -0.9999967762766941 0.002539180225844946 0.0 -28.776561607978536 0.0 0.0 1.0 0.0
1744824962647907 -0.002465419301426745 -0.999996960849216 0.0 5.8715894654983956 -0.999996960849216 0.002465419301426745 0.0 -29.0509012299925 0.0 0.0 1.0 0.0
1744824962897176 -0.003258066366212832 -0.9999946924876919 0.0 5.873726552343059 -0.9999946924876919 0.003258066366212832 0.0 -29.341529374376748 0.0 0.0 1.0 0.0
1744824963146437 -0.006729564009253654 -0.9999773562277525 0.0 5.868248434568113 -0.9999773562277525 0.006729564009253654 0.0 -29.628302474806564 0.0 0.0 1.0 0.0
1744824963395705 -0.006701613597261299 -0.9999775439354592 0.0 5.8669796396990375 -0.9999775439354592 0.006701613597261299 0.0 -29.909956632981952 0.0 0.0 1.0 0.0
1744824963644947 -0.007140479066739865 -0.9999745064543883 0.0 5.882087427835948 -0.9999745064543883 0.007140479066739865 0.0 -30.18632596233856 0.0 0.0 1.0 0.0
1744824963894126 -0.006732241415511096 -0.9999773382059833 0.0 5.901881847828711 -0.9999773382059833 0.006732241415511096 0.0 -30.457839410756897 0.0 0.0 1.0 0.0
1744824964143653 -0.005157589593844874 -0.9999866995463397 0.0 5.893714196627403 -0.9999866995463397 0.005157589593844874 0.0 -30.738064134711248 0.0 0.0 1.0 0.0
1744824964393499 -0.004425446456227974 -0.9999902076638867 0.0 5.886903666070697 -0.9999902076638867 0.004425446456227974 0.0 -30.997063068987828 0.0 0.0 1.0 0.0
1744824964643247 0.000154873334322981 -0.999999988007125 0.0 5.89999022835105 -0.999999988007125 -0.000154873334322981 0.0 -31.269960016746968 0.0 0.0 1.0 0.0
1744824964892184 0.022193838093912118 -0.999753686440146 0.0 5.896039035073406 -0.999753686440146 -0.022193838093912118 0.0 -31.532954282713153 0.0 0.0 1.0 0.0
1744824965141776 0.03727266759340431 -0.9993051327049571 0.0 5.896212784867864 -0.9993051327049571 -0.03727266759340431 0.0 -31.790196510993972 0.0 0.0 1.0 0.0
1744824965391777 0.05074314065025356 -0.9987117370277315 0.0 5.918355363579418 -0.9987117370277315 -0.05074314065025356 0.0 -32.05115799229273 0.0 0.0 1.0 0.0
1744824965642165 0.06440374541149907 -0.9979239237421713 0.0 5.952488431473693 -0.9979239237421713 -0.06440374541149907 0.0 -32.33480692017353 0.0 0.0 1.0 0.0
1744824965893125 0.07212148963002271 -0.9973958545800893 0.0 5.938827067899245 -0.9973958545800893 -0.07212148963002271 0.0 -32.62813049985237 0.0 0.0 1.0 0.0
1744824966143309 0.08124455130650958 -0.9966941972756758 0.0 5.925714420994085 -0.9966941972756758 -0.08124455130650958 0.0 -32.88310237287526 0.0 0.0 1.0 0.0
1744824966392763 0.08561598764830057 -0.9963282103097382 0.0 5.958903038393852 -0.9963282103097382 -0.08561598764830057 0.0 -33.0992552601694 0.0 0.0 1.0 0.0
1744824966642152 0.08767386525434084 -0.9961492324703982 0.0 5.995684431787575 -0.9961492324703982 -0.08767386525434084 0.0 -33.315956228754246 0.0 0.0 1.0 0.0
1744824966891201 0.11403242098095015 -0.9934770289066693 0.0 5.988007552542986 -0.9934770289066693 -0.11403242098095015 0.0 -33.565294808392565 0.0 0.0 1.0 0.0
1744824967141225 0.1087139178597967 -0.9940730778285735 0.0 6.0002020069818425 -0.9940730778285735 -0.1087139178597967 0.0 -33.820628797507574 0.0 0.0 1.0 0.0
1744824967390232 0.12454455034590511 -0.9922140167217636 0.0 6.063907486157905 -0.9922140167217636 -0.12454455034590511 0.0 -34.08125721255585 0.0 0.0 1.0 0.0
1744824967639699 0.13528107322680927 -0.9908072624010192 0.0 6.105580496554074 -0.9908072624010192 -0.13528107322680927 0.0 -34.33637993033748 0.0 0.0 1.0 0.0
1744824967889104 0.1402535046249685 -0.9901156268034627 0.0 6.129801535109976 -0.9901156268034627 -0.1402535046249685 0.0 -34.592063200348065 0.0 0.0 1.0 0.0
1744824968138118 0.14393383041018987 -0.9895873142191398 0.0 6.158609020859736 -0.9895873142191398 -0.14393383041018987 0.0 -34.83705257790611 0.0 0.0 1.0 0.0
1744824968387057 0.14911551760745168 -0.9888197825734786 0.0 6.19887412233841 -0.9888197825734786 -0.14911551760745168 0.0 -35.09126106582776 0.0 0.0 1.0 0.0
1744824968636262 0.15429136858321368 -0.9880253911619471 0.0 6.249979058213508 -0.9880253911619471 -0.15429136858321368 0.0 -35.35235302317373 0.0 0.0 1.0 0.0
1744824968885679 0.16046568103260547 -0.9870414202102877 0.0 6.295377379059226 -0.9870414202102877 -0.16046568103260547 0.0 -35.603585405284164 0.0 0.0 1.0 0.0
1744824969135404 0.16517837112129038 -0.9862637100257299 0.0 6.329220096900622 -0.9862637100257299 -0.16517837112129038 0.0 -35.86210869717486 0.0 0.0 1.0 0.0
1744824969385203 0.1787443181554724 -0.9838955578348422 0.0 6.380468202044384 -0.9838955578348422 -0.1787443181554724 0.0 -36.1112150420481 0.0 0.0 1.0 0.0
1744824969634813 0.20854216107238813 -0.9780133777486166 0.0 6.43220611076052 -0.9780133777486166 -0.20854216107238813 0.0 -36.35939924831557 0.0 0.0 1.0 0.0
1744824969884374 0.24236264550383652 -0.9701857286439447 0.0 6.494156070928233 -0.9701857286439447 -0.24236264550383652 0.0 -36.60345662028456 0.0 0.0 1.0 0.0
1744824970135312 0.25021092103452497 -0.9681913524686403 0.0 6.559127757574471 -0.9681913524686403 -0.25021092103452497 0.0 -36.85034405436693 0.0 0.0 1.0 0.0
1744824970386217 0.24629408016530194 -0.9691951434440477 0.0 6.627592256750945 -0.9691951434440477 -0.24629408016530194 0.0 -37.09656266104385 0.0 0.0 1.0 0.0
1744824970635767 0.2508739817155949 -0.968019754601198 0.0 6.7004906275544105 -0.968019754601198 -0.2508739817155949 0.0 -37.348392939184066 0.0 0.0 1.0 0.0
1744824970885309 0.25631188394144355 -0.9665941331036456 0.0 6.771908387239168 -0.9665941331036456 -0.25631188394144355 0.0 -37.5987093360838 0.0 0.0 1.0 0.0
1744824971134645 0.26451938066537645 -0.9643803695909648 0.0 6.847920662071751 -0.9643803695909648 -0.26451938066537645 0.0 -37.84150373714239 0.0 0.0 1.0 0.0
1744824971384315 0.26856838067646244 -0.9632606214835231 0.0 6.9222565390250805 -0.9632606214835231 -0.26856838067646244 0.0 -38.089591311445034 0.0 0.0 1.0 0.0
1744824971633902 0.2742116461393914 -0.9616693678814592 0.0 6.987583600906273 -0.9616693678814592 -0.2742116461393914 0.0 -38.33502634046344 0.0 0.0 1.0 0.0
1744824971883983 0.2773325275871105 -0.9607739948302852 0.0 7.059695444672373 -0.9607739948302852 -0.2773325275871105 0.0 -38.56135569303722 0.0 0.0 1.0 0.0
1744824972134544 0.28148092777854816 -0.9595668227366596 0.0 7.134348744474881 -0.9595668227366596 -0.28148092777854816 0.0 -38.80993097105775 0.0 0.0 1.0 0.0
1744824972385601 0.2704290666374422 -0.9627399025269504 0.0 7.2118715078015985 -0.9627399025269504 -0.2704290666374422 0.0 -39.05699726201093 0.0 0.0 1.0 0.0
1744824972636243 0.256586651942012 -0.9665212310369541 0.0 7.2783602417695565 -0.9665212310369541 -0.256586651942012 0.0 -39.272816280944454 0.0 0.0 1.0 0.0
1744824972885900 0.25377074578386855 -0.9672643943536324 0.0 7.3303844280940345 -0.9672643943536324 -0.25377074578386855 0.0 -39.492927907628 0.0 0.0 1.0 0.0
1744824973135167 0.2629533920014525 -0.9648085372937631 0.0 7.393398198727982 -0.9648085372937631 -0.2629533920014525 0.0 -39.72356074322004 0.0 0.0 1.0 0.0
1744824973384803 0.26767826040143283 -0.9635083543532267 0.0 7.451320170300228 -0.9635083543532267 -0.26767826040143283 0.0 -39.94790714457968 0.0 0.0 1.0 0.0
1744824973634619 0.269425158029916 -0.9630213311347549 0.0 7.513569126978253 -0.9630213311347549 -0.269425158029916 0.0 -40.157688193251815 0.0 0.0 1.0 0.0
1744824973884333 0.2732981310269639 -0.9619293797245039 0.0 7.570837966446301 -0.9619293797245039 -0.2732981310269639 0.0 -40.376462796588925 0.0 0.0 1.0 0.0
1744824974134475 0.27329220573944346 -0.9619310631651677 0.0 7.64255383901087 -0.9619310631651677 -0.27329220573944346 0.0 -40.57338640160554 0.0 0.0 1.0 0.0
1744824974384643 0.2773606274696825 -0.9607658832044487 0.0 7.709179189109252 -0.9607658832044487 -0.2773606274696825 0.0 -40.76174493215922 0.0 0.0 1.0 0.0
1744824974635369 0.2728400231098187 -0.9620594169745619 0.0 7.759707945835721 -0.9620594169745619 -0.2728400231098187 0.0 -40.959202091023876 0.0 0.0 1.0 0.0
1744824974886864 0.24895044520834753 -0.9685162238344621 0.0 7.8148528805767725 -0.9685162238344621 -0.24895044520834753 0.0 -41.16937513053216 0.0 0.0 1.0 0.0
1744824975136349 0.2587128971985628 -0.9659542622832233 0.0 7.876125462612915 -0.9659542622832233 -0.2587128971985628 0.0 -41.388558859181295 0.0 0.0 1.0 0.0
1744824975385997 0.2608552295610746 -0.9653779307663084 0.0 7.936360137720123 -0.9653779307663084 -0.2608552295610746 0.0 -41.60069026016604 0.0 0.0 1.0 0.0
1744824975635668 0.26136722368122467 -0.9652394388881802 0.0 7.986885012943421 -0.9652394388881802 -0.26136722368122467 0.0 -41.828324713694855 0.0 0.0 1.0 0.0
1744824975885807 0.2622780326517383 -0.9649923489791689 0.0 8.051218468078973 -0.9649923489791689 -0.2622780326517383 0.0 -42.05112568328287 0.0 0.0 1.0 0.0
1744824976135926 0.2609866327981453 -0.965342414638809 0.0 8.122424325694734 -0.965342414638809 -0.2609866327981453 0.0 -42.278101985276095 0.0 0.0 1.0 0.0
1744824976385782 0.2633834785183128 -0.9646912165266115 0.0 8.188054947966783 -0.9646912165266115 -0.2633834785183128 0.0 -42.50380293918421 0.0 0.0 1.0 0.0
1744824976635686 0.2617526161934073 -0.9651349998398706 0.0 8.249272964537782 -0.9651349998398706 -0.2617526161934073 0.0 -42.71539050657267 0.0 0.0 1.0 0.0
1744824976885366 0.2629869593819047 -0.9647993880569476 0.0 8.300695180527498 -0.9647993880569476 -0.2629869593819047 0.0 -42.94145175296805 0.0 0.0 1.0 0.0
1744824977135531 0.26108291584509 -0.965316378734882 0.0 8.36896410238521 -0.965316378734882 -0.26108291584509 0.0 -43.1522210494835 0.0 0.0 1.0 0.0
1744824977385751 0.2595210171357698 -0.9657374600090937 0.0 8.42416113514764 -0.9657374600090937 -0.2595210171357698 0.0 -43.37340699013214 0.0 0.0 1.0 0.0
1744824977636166 0.25318720985371135 -0.9674173022881558 0.0 8.475295005579532 -0.9674173022881558 -0.25318720985371135 0.0 -43.60831081666908 0.0 0.0 1.0 0.0
1744824977886054 0.24933939367485694 -0.9684161640337562 0.0 8.538421576234347 -0.9684161640337562 -0.24933939367485694 0.0 -43.82646744823176 0.0 0.0 1.0 0.0
1744824978136154 0.24657440187826926 -0.9691238642910276 0.0 8.583741801235526 -0.9691238642910276 -0.24657440187826926 0.0 -44.05964523137564 0.0 0.0 1.0 0.0
1744824978386245 0.2434840547320841 -0.9699049000243394 0.0 8.633674832005182 -0.9699049000243394 -0.2434840547320841 0.0 -44.299731963535955 0.0 0.0 1.0 0.0
1744824978636217 0.24438334980540424 -0.9696786985068249 0.0 8.693721130406127 -0.9696786985068249 -0.24438334980540424 0.0 -44.52582632287958 0.0 0.0 1.0 0.0
1744824978886578 0.24364410602526693 -0.9698647068530479 0.0 8.753582801133048 -0.9698647068530479 -0.24364410602526693 0.0 -44.76934173340632 0.0 0.0 1.0 0.0
