1744824376029176 0.3208961016931869 -0.9471144027614172 0.0 0.0 -0.9471144027614172 -0.3208961016931869 0.0 0.0 0.0 0.0 1.0 0.0
1744824376279044 0.32016482938390134 -0.9473618537948303 0.0 3.989391929213899e-05 -0.9473618537948303 -0.32016482938390134 0.0 1.1469412202239286e-05 0.0 0.0 1.0 0.0
1744824376529347 0.31933351679082184 -0.9476423930228143 0.0 0.0002686695917354149 -0.9476423930228143 -0.31933351679082184 0.0 -0.001982037856789487 0.0 0.0 1.0 0.0
1744824376779809 0.31862522747986805 -0.947880775421362 0.0 -0.0010381989327950662 -0.947880775421362 -0.31862522747986805 0.0 0.0012942304667815496 0.0 0.0 1.0 0.0
1744824377030246 0.3177721842169996 -0.9481670944184666 0.0 -0.0019577497068836405 -0.9481670944184666 -0.3177721842169996 0.0 0.007237404313956223 0.0 0.0 1.0 0.0
1744824377280852 0.3168675208425261 -0.9484698067071569 0.0 -0.0014198539412743818 -0.9484698067071569 -0.3168675208425261 0.0 0.009633280552636207 0.0 0.0 1.0 0.0
1744824377531109 0.3161796301729414 -0.9486993419749495 0.0 0.0005311856946726705 -0.9486993419749495 -0.3161796301729414 0.0 0.008884916630283174 0.0 0.0 1.0 0.0
1744824377781235 0.3153777524327364 -0.948966212923556 0.0 -0.0015189029864125878 -0.948966212923556 -0.3153777524327364 0.0 0.014625639454932938 0.0 0.0 1.0 0.0
1744824378031068 0.3147136721050253 -0.9491866542414988 0.0 -0.004901443654108993 -0.9491866542414988 -0.3147136721050253 0.0 0.01825675292160446 0.0 0.0 1.0 0.0
1744824378280648 0.3139532903297117 -0.9494384295419834 0.0 -0.004040103371773034 -0.9494384295419834 -0.3139532903297117 0.0 0.015945453326653654 0.0 0.0 1.0 0.0
1744824378530083 0.3142974802261632 -0.9493245461503061 0.0 -0.004235815462347811 -0.9493245461503061 -0.3142974802261632 0.0 0.020787528841225037 0.0 0.0 1.0 0.0
1744824378779746 0.314262961128054 -0.9493359738591113 0.0 -0.007479263836716761 -0.9493359738591113 -0.314262961128054 0.0 0.02001999542896075 0.0 0.0 1.0 0.0
1744824379029178 0.3141803216925534 -0.9493633263725557 0.0 -0.0059216872253016455 -0.9493633263725557 -0.3141803216925534 0.0 0.016210720942074458 0.0 0.0 1.0 0.0
1744824379278459 0.3141316398167205 -0.9493794356662979 0.0 -0.0028019478297126436 -0.9493794356662979 -0.3141316398167205 0.0 0.012860882497488072 0.0 0.0 1.0 0.0
1744824379527624 0.3141387807308633 -0.9493770728435181 0.0 -0.0038304612767572754 -0.9493770728435181 -0.3141387807308633 0.0 0.012403916863255891 0.0 0.0 1.0 0.0
1744824379776858 0.31392441186805226 -0.9494479783712731 0.0 -0.0026388134158318523 -0.9494479783712731 -0.31392441186805226 0.0 0.014651924897593186 0.0 0.0 1.0 0.0
1744824380026331 0.31381495750614585 -0.9494841612398892 0.0 -0.005719468493916321 -0.9494841612398892 -0.31381495750614585 0.0 0.01259552684428994 0.0 0.0 1.0 0.0
1744824380275466 0.31394121973205447 -0.9494424208729827 0.0 -0.006469628011538014 -0.9494424208729827 -0.31394121973205447 0.0 0.013602586054522263 0.0 0.0 1.0 0.0
1744824380524751 0.31403051973715945 -0.9494128884071512 0.0 -0.005705557174731564 -0.9494128884071512 -0.31403051973715945 0.0 0.013318294694563526 0.0 0.0 1.0 0.0
1744824380774326 0.31410506342843025 -0.9493882288761653 0.0 -0.008064228445153233 -0.9493882288761653 -0.31410506342843025 0.0 0.0080304401064726 0.0 0.0 1.0 0.0
1744824381024294 0.31397249242055647 -0.949432079720937 0.0 -0.0062629575037779425 -0.949432079720937 -0.31397249242055647 0.0 0.008685780657417617 0.0 0.0 1.0 0.0
1744824381274549 0.31371578617354706 -0.94951693271132 0.0 -0.008874583025506196 -0.94951693271132 -0.31371578617354706 0.0 0.0052599286671907615 0.0 0.0 1.0 0.0
1744824381524257 0.31391971160763327 -0.9494495324471861 0.0 -0.00890164626979671 -0.9494495324471861 -0.31391971160763327 0.0 0.0053863494801382 0.0 0.0 1.0 0.0
1744824381773590 0.3138575226113241 -0.9494700919461773 0.0 -0.00727520256908809 -0.9494700919461773 -0.3138575226113241 0.0 0.01125007695424716 0.0 0.0 1.0 0.0
1744824382022428 0.31399007721290906 -0.9494262643364315 0.0 -0.009013731930039496 -0.9494262643364315 -0.31399007721290906 0.0 0.010607355961718273 0.0 0.0 1.0 0.0
1744824382271681 0.3138938146552804 -0.9494580944523863 0.0 -0.009382106873502829 -0.9494580944523863 -0.3138938146552804 0.0 0.012207699594017879 0.0 0.0 1.0 0.0
1744824382521033 0.3137797741036712 -0.9494957890182816 0.0 -0.013396039034796671 -0.9494957890182816 -0.3137797741036712 0.0 0.010970217756813077 0.0 0.0 1.0 0.0
1744824382770651 0.3137084693790397 -0.9495193501134457 0.0 -0.015623735933814352 -0.9495193501134457 -0.3137084693790397 0.0 0.011852196042612952 0.0 0.0 1.0 0.0
1744824383020435 0.313851467029045 -0.949472093662429 0.0 -0.012419973751169575 -0.949472093662429 -0.313851467029045 0.0 0.015206043131712615 0.0 0.0 1.0 0.0
1744824383270056 0.3138863395499245 -0.9494605657129471 0.0 -0.011901608614957405 -0.9494605657129471 -0.3138863395499245 0.0 0.014820652621268311 0.0 0.0 1.0 0.0
1744824383519738 0.3140429176768476 -0.9494087875393891 0.0 -0.014347288134104977 -0.9494087875393891 -0.3140429176768476 0.0 0.015572217746260275 0.0 0.0 1.0 0.0
1744824383769753 0.3138731478549009 -0.9494649267117009 0.0 -0.015366026067132117 -0.9494649267117009 -0.3138731478549009 0.0 0.016251841369869235 0.0 0.0 1.0 0.0
1744824384019759 0.31399550797650955 -0.9494244682809548 0.0 -0.01599982169402022 -0.9494244682809548 -0.31399550797650955 0.0 0.01841334025437471 0.0 0.0 1.0 0.0
1744824384269462 0.3138422818597415 -0.9494751298043939 0.0 -0.019012256825873892 -0.9494751298043939 -0.3138422818597415 0.0 0.01593473112098067 0.0 0.0 1.0 0.0
1744824384518770 0.3138046961985221 -0.9494875526534055 0.0 -0.023399154267261912 -0.9494875526534055 -0.3138046961985221 0.0 0.01261894998857619 0.0 0.0 1.0 0.0
1744824384768177 0.3137466024958982 -0.9495067505933178 0.0 -0.021220393026096206 -0.9495067505933178 -0.3137466024958982 0.0 0.017294452004246223 0.0 0.0 1.0 0.0
1744824385017610 0.3136012987059617 -0.9495547511596866 0.0 -0.02129398701594718 -0.9495547511596866 -0.3136012987059617 0.0 0.016919411354829692 0.0 0.0 1.0 0.0
1744824385266701 0.31360566883988417 -0.9495533078619067 0.0 -0.025833543186665718 -0.9495533078619067 -0.31360566883988417 0.0 0.013932497033109963 0.0 0.0 1.0 0.0
1744824385515893 0.3136763599857994 -0.9495299580245266 0.0 -0.02712816339713726 -0.9495299580245266 -0.3136763599857994 0.0 0.010237346591472647 0.0 0.0 1.0 0.0
1744824385765532 0.3137217638456617 -0.9495149576965952 0.0 -0.026237765377832612 -0.9495149576965952 -0.3137217638456617 0.0 0.011093108118468954 0.0 0.0 1.0 0.0
1744824386015831 0.3136865259002547 -0.9495265996635529 0.0 -0.02586823419622105 -0.9495265996635529 -0.3136865259002547 0.0 0.012119960261422291 0.0 0.0 1.0 0.0
1744824386266384 0.31372651476881613 -0.9495133879682855 0.0 -0.024396042732024087 -0.9495133879682855 -0.31372651476881613 0.0 0.007915929617256418 0.0 0.0 1.0 0.0
1744824386516500 0.3139463841517272 -0.9494407131980681 0.0 -0.026788631349981034 -0.9494407131980681 -0.3139463841517272 0.0 0.011034010576345465 0.0 0.0 1.0 0.0
1744824386766549 0.31396834005318225 -0.9494334528782149 0.0 -0.02785196242726675 -0.9494334528782149 -0.31396834005318225 0.0 0.01757443746522596 0.0 0.0 1.0 0.0
1744824387016411 0.3140065422000309 -0.9494208189499429 0.0 -0.02623001243926241 -0.9494208189499429 -0.3140065422000309 0.0 0.021188177041154665 0.0 0.0 1.0 0.0
1744824387266355 0.3138879833768854 -0.949460022271392 0.0 -0.028585365629568867 -0.949460022271392 -0.3138879833768854 0.0 0.023004914055658843 0.0 0.0 1.0 0.0
1744824387516431 0.3138285155769058 -0.949479680041019 0.0 -0.028731917877352058 -0.949479680041019 -0.3138285155769058 0.0 0.021261645837640206 0.0 0.0 1.0 0.0
1744824387766599 0.31378494927906625 -0.9494940787629662 0.0 -0.030527182384525238 -0.9494940787629662 -0.31378494927906625 0.0 0.02067020417236619 0.0 0.0 1.0 0.0
1744824388016941 0.31377453673896755 -0.9494975197936256 0.0 -0.029902506069628187 -0.9494975197936256 -0.31377453673896755 0.0 0.023094568127850396 0.0 0.0 1.0 0.0
1744824388267043 0.31348919400821135 -0.9495917676770803 0.0 -0.028121192492663424 -0.9495917676770803 -0.31348919400821135 0.0 0.020924686065518474 0.0 0.0 1.0 0.0
1744824388516956 0.3133844759571568 -0.9496263318953715 0.0 -0.031526987223499836 -0.9496263318953715 -0.3133844759571568 0.0 0.019348209152187733 0.0 0.0 1.0 0.0
1744824388767051 0.3132819477350947 -0.9496601609119473 0.0 -0.03367990137205827 -0.9496601609119473 -0.3132819477350947 0.0 0.022731827314874647 0.0 0.0 1.0 0.0
1744824389017011 0.3134276287335205 -0.9496120900380758 0.0 -0.03676927138741941 -0.9496120900380758 -0.3134276287335205 0.0 0.02044310349060495 0.0 0.0 1.0 0.0
1744824389267147 0.3135635392595196 -0.9495672208153796 0.0 -0.0389352807360856 -0.9495672208153796 -0.3135635392595196 0.0 0.015830515153478428 0.0 0.0 1.0 0.0
1744824389517346 0.31327565916673833 -0.9496622354151215 0.0 -0.03954192976218568 -0.9496622354151215 -0.31327565916673833 0.0 0.021085354920698678 0.0 0.0 1.0 0.0
1744824389767567 0.31338867768358447 -0.9496249452808906 0.0 -0.04025951839278875 -0.9496249452808906 -0.31338867768358447 0.0 0.0224639137946063 0.0 0.0 1.0 0.0
1744824390017779 0.31333890984006596 -0.9496413678753886 0.0 -0.03645414768781063 -0.9496413678753886 -0.31333890984006596 0.0 0.022564442078396876 0.0 0.0 1.0 0.0
1744824390267878 0.3131958292472022 -0.9496885660795109 0.0 -0.039904746723080704 -0.9496885660795109 -0.3131958292472022 0.0 0.02329282577647152 0.0 0.0 1.0 0.0
1744824390518094 0.31314308118497547 -0.9497059601297551 0.0 -0.0457374302540692 -0.9497059601297551 -0.31314308118497547 0.0 0.020325564507240667 0.0 0.0 1.0 0.0
1744824390768403 0.3130227270682244 -0.9497456355986965 0.0 -0.04898675372994052 -0.9497456355986965 -0.3130227270682244 0.0 0.01933614656672884 0.0 0.0 1.0 0.0
1744824391018816 0.31303073837524265 -0.9497429951477666 0.0 -0.04492570826001379 -0.9497429951477666 -0.31303073837524265 0.0 0.020148925755219718 0.0 0.0 1.0 0.0
1744824391269602 0.31291223638782967 -0.9497820446390672 0.0 -0.043603766761739764 -0.9497820446390672 -0.31291223638782967 0.0 0.01905056626621965 0.0 0.0 1.0 0.0
1744824391520274 0.31289334772169036 -0.9497882674320175 0.0 -0.04705574902860136 -0.9497882674320175 -0.31289334772169036 0.0 0.019066896632092174 0.0 0.0 1.0 0.0
1744824391770668 0.31290744545443283 -0.9497836230316784 0.0 -0.047452759650619514 -0.9497836230316784 -0.31290744545443283 0.0 0.019390007766054172 0.0 0.0 1.0 0.0
1744824392020199 0.3129076098080165 -0.9497835688851614 0.0 -0.052217888515936166 -0.9497835688851614 -0.3129076098080165 0.0 0.01635129270109094 0.0 0.0 1.0 0.0
1744824392269593 0.31278586786337276 -0.9498236683010993 0.0 -0.05034672568656573 -0.9498236683010993 -0.31278586786337276 0.0 0.014349232084521466 0.0 0.0 1.0 0.0
1744824392518925 0.3128106782758658 -0.9498154976397221 0.0 -0.05050660685827517 -0.9498154976397221 -0.3128106782758658 0.0 0.0117425825602243 0.0 0.0 1.0 0.0
1744824392768242 0.312724090218018 -0.9498440100339177 0.0 -0.05209611406380698 -0.9498440100339177 -0.312724090218018 0.0 0.0124701076809843 0.0 0.0 1.0 0.0
1744824393017188 0.3128377834157528 -0.9498065704486987 0.0 -0.049800157887749066 -0.9498065704486987 -0.3128377834157528 0.0 0.016611614905064978 0.0 0.0 1.0 0.0
1744824393265942 0.3129303375846397 -0.9497760808838911 0.0 -0.05253002045377833 -0.9497760808838911 -0.3129303375846397 0.0 0.014422507183949954 0.0 0.0 1.0 0.0
1744824393515264 0.31280145288929107 -0.9498185358637453 0.0 -0.05660925980861224 -0.9498185358637453 -0.31280145288929107 0.0 0.010755348172936972 0.0 0.0 1.0 0.0
1744824393765343 0.31292840072209377 -0.9497767190353282 0.0 -0.05714240655559757 -0.9497767190353282 -0.31292840072209377 0.0 0.010670697246626957 0.0 0.0 1.0 0.0
1744824394015532 0.3130010774064798 -0.9497527707474104 0.0 -0.057450800793563433 -0.9497527707474104 -0.3130010774064798 0.0 0.012821109228536437 0.0 0.0 1.0 0.0
1744824394265718 0.31298434283576565 -0.9497582856388588 0.0 -0.059775269550560485 -0.9497582856388588 -0.31298434283576565 0.0 0.011521195236184122 0.0 0.0 1.0 0.0
1744824394515494 0.31290081631186173 -0.9497858069856437 0.0 -0.058024837040115976 -0.9497858069856437 -0.31290081631186173 0.0 0.010831386389066222 0.0 0.0 1.0 0.0
1744824394765241 0.31291873293501626 -0.9497799042822206 0.0 -0.057453300572161324 -0.9497799042822206 -0.31291873293501626 0.0 0.0120237654403726 0.0 0.0 1.0 0.0
1744824395015224 0.3129961746848047 -0.9497543864771983 0.0 -0.059667203031240915 -0.9497543864771983 -0.3129961746848047 0.0 0.010320419166388168 0.0 0.0 1.0 0.0
1744824395265206 0.31301420206309627 -0.9497484452773814 0.0 -0.05928531444097299 -0.9497484452773814 -0.31301420206309627 0.0 0.010781938016651305 0.0 0.0 1.0 0.0
1744824395515021 0.31302140796181993 -0.9497460703564927 0.0 -0.06226257053888886 -0.9497460703564927 -0.31302140796181993 0.0 0.01163425114305626 0.0 0.0 1.0 0.0
1744824395764432 0.31307276282675917 -0.9497291430592303 0.0 -0.06442554634006133 -0.9497291430592303 -0.31307276282675917 0.0 0.009893053650364674 0.0 0.0 1.0 0.0
1744824396014007 0.31302672782511537 -0.9497443169964752 0.0 -0.06282380898211117 -0.9497443169964752 -0.31302672782511537 0.0 0.008016796373651557 0.0 0.0 1.0 0.0
1744824396264164 0.3130048309725754 -0.9497515337117542 0.0 -0.06708884929064238 -0.9497515337117542 -0.3130048309725754 0.0 0.008008832695907818 0.0 0.0 1.0 0.0
1744824396514748 0.3131102623955213 -0.9497167807207619 0.0 -0.06905618138744019 -0.9497167807207619 -0.3131102623955213 0.0 0.0073768474986389354 0.0 0.0 1.0 0.0
1744824396765309 0.31302355214517896 -0.9497453636646059 0.0 -0.06748029339998414 -0.9497453636646059 -0.31302355214517896 0.0 0.001779910940319037 0.0 0.0 1.0 0.0
1744824397015256 0.31282756443489124 -0.9498099362134164 0.0 -0.06854530190744319 -0.9498099362134164 -0.31282756443489124 0.0 0.0002793074748267633 0.0 0.0 1.0 0.0
1744824397265435 0.312858324135086 -0.9497998047059104 0.0 -0.06809684555797903 -0.9497998047059104 -0.312858324135086 0.0 0.004102028503390954 0.0 0.0 1.0 0.0
1744824397515503 0.3126834395064684 -0.9498573928008377 0.0 -0.07238773141017121 -0.9498573928008377 -0.3126834395064684 0.0 0.006018171952495307 0.0 0.0 1.0 0.0
1744824397765245 0.31276639297069714 -0.9498300813451317 0.0 -0.07323863797018859 -0.9498300813451317 -0.31276639297069714 0.0 0.007634051280315936 0.0 0.0 1.0 0.0
1744824398015012 0.31283618094357424 -0.9498070982534503 0.0 -0.07223657961725252 -0.9498070982534503 -0.31283618094357424 0.0 0.009327250657787426 0.0 0.0 1.0 0.0
1744824398265104 0.3123960248493212 -0.9499519586054562 0.0 -0.07738653741159184 -0.9499519586054562 -0.3123960248493212 0.0 0.006475821945191225 0.0 0.0 1.0 0.0
1744824398515138 0.3162115467315519 -0.9486887043248906 0.0 -0.06653680142790769 -0.9486887043248906 -0.3162115467315519 0.0 -0.0061090684360712005 0.0 0.0 1.0 0.0
1744824398765141 0.324777717225243 -0.945790375502923 0.0 -0.043928147958931206 -0.945790375502923 -0.324777717225243 0.0 -0.0748388125438649 0.0 0.0 1.0 0.0
1744824399015042 0.32617175746779786 -0.9453105228602758 0.0 -0.012448027589982532 -0.9453105228602758 -0.32617175746779786 0.0 -0.19554913591147513 0.0 0.0 1.0 0.0
1744824399264436 0.3283544147659174 -0.944554592548113 0.0 0.051499697867569465 -0.944554592548113 -0.3283544147659174 0.0 -0.32571510514546137 0.0 0.0 1.0 0.0
1744824399513761 0.328779566790176 -0.944406690182394 0.0 0.10458734417626359 -0.944406690182394 -0.328779566790176 0.0 -0.4975738650043258 0.0 0.0 1.0 0.0
1744824399763113 0.32861433311489674 -0.9444641973476029 0.0 0.1335504039694853 -0.9444641973476029 -0.32861433311489674 0.0 -0.6561902151114367 0.0 0.0 1.0 0.0
1744824400013132 0.3290220766490801 -0.9443222294733545 0.0 0.1752044316976985 -0.9443222294733545 -0.3290220766490801 0.0 -0.8083400557393856 0.0 0.0 1.0 0.0
1744824400263367 0.3283848041944952 -0.9445440277584434 0.0 0.22025350765187446 -0.9445440277584434 -0.3283848041944952 0.0 -0.9724009816013411 0.0 0.0 1.0 0.0
1744824400513770 0.328178077297407 -0.9446158740892391 0.0 0.26534905245806495 -0.9446158740892391 -0.328178077297407 0.0 -1.120199112371829 0.0 0.0 1.0 0.0
1744824400763905 0.3286427860047321 -0.9444542970451497 0.0 0.3127727551028139 -0.9444542970451497 -0.3286427860047321 0.0 -1.2823803447011017 0.0 0.0 1.0 0.0
1744824401014499 0.32901096989282613 -0.9443260992317124 0.0 0.3692437269943443 -0.9443260992317124 -0.32901096989282613 0.0 -1.4649893644240348 0.0 0.0 1.0 0.0
1744824401265035 0.3290168478939617 -0.9443240512673188 0.0 0.42074664990369975 -0.9443240512673188 -0.3290168478939617 0.0 -1.6563363511933555 0.0 0.0 1.0 0.0
1744824401514603 0.34306464741426496 -0.939311794717029 0.0 0.46219822237445685 -0.939311794717029 -0.34306464741426496 0.0 -1.825440301559007 0.0 0.0 1.0 0.0
1744824401763990 0.3556303834955239 -0.9346266796613644 0.0 0.5282443213200411 -0.9346266796613644 -0.3556303834955239 0.0 -1.9761916526300098 0.0 0.0 1.0 0.0
1744824402013262 0.37015465429582217 -0.9289701458621479 0.0 0.5822171833288348 -0.9289701458621479 -0.37015465429582217 0.0 -2.166636732224237 0.0 0.0 1.0 0.0
1744824402262825 0.3809673740788137 -0.9245884813729257 0.0 0.6577671473747754 -0.9245884813729257 -0.3809673740788137 0.0 -2.3671920883263886 0.0 0.0 1.0 0.0
1744824402512365 0.39759137259583205 -0.9175625866595488 0.0 0.741073257516963 -0.9175625866595488 -0.39759137259583205 0.0 -2.5612957685659166 0.0 0.0 1.0 0.0
1744824402763161 0.38684720961823155 -0.9221438263148476 0.0 0.8139458263525046 -0.9221438263148476 -0.38684720961823155 0.0 -2.7845234941525527 0.0 0.0 1.0 0.0
1744824403012691 0.3897388307124393 -0.920925427944576 0.0 0.9182910232523949 -0.920925427944576 -0.3897388307124393 0.0 -2.9736262367099293 0.0 0.0 1.0 0.0
1744824403261882 0.3937179504694093 -0.9192312959631909 0.0 1.0064605960525241 -0.9192312959631909 -0.3937179504694093 0.0 -3.1665722123554616 0.0 0.0 1.0 0.0
1744824403511411 0.3963119373582017 -0.9181159231313814 0.0 1.0912035242483686 -0.9181159231313814 -0.3963119373582017 0.0 -3.3848408654770052 0.0 0.0 1.0 0.0
1744824403760872 0.40040847242396443 -0.9163367586270383 0.0 1.1846597653495017 -0.9163367586270383 -0.40040847242396443 0.0 -3.567721179402929 0.0 0.0 1.0 0.0
1744824404010294 0.40414730658894776 -0.914693913053377 0.0 1.276899484765929 -0.914693913053377 -0.40414730658894776 0.0 -3.742688656550788 0.0 0.0 1.0 0.0
1744824404260259 0.40591895455835575 -0.913909077715202 0.0 1.355746062865295 -0.913909077715202 -0.40591895455835575 0.0 -3.9670025185840383 0.0 0.0 1.0 0.0
1744824404510226 0.4094206772261398 -0.9123457179488972 0.0 1.440613034690769 -0.9123457179488972 -0.4094206772261398 0.0 -4.17187809061804 0.0 0.0 1.0 0.0
1744824404760164 0.4125488113556224 -0.9109354962065441 0.0 1.5367477156944098 -0.9109354962065441 -0.4125488113556224 0.0 -4.345574230152665 0.0 0.0 1.0 0.0
1744824405010064 0.4167708619452516 -0.9090115778324342 0.0 1.6320359663848407 -0.9090115778324342 -0.4167708619452516 0.0 -4.5451335839631355 0.0 0.0 1.0 0.0
1744824405259676 0.42034208285398433 -0.9073657109357692 0.0 1.7246648920750152 -0.9073657109357692 -0.42034208285398433 0.0 -4.738987287038022 0.0 0.0 1.0 0.0
1744824405509085 0.42165181263324136 -0.9067578226313251 0.0 1.8075672781290288 -0.9067578226313251 -0.42165181263324136 0.0 -4.941498456229411 0.0 0.0 1.0 0.0
1744824405758037 0.42604762136938806 -0.9047007374405562 0.0 1.9021293115473485 -0.9047007374405562 -0.42604762136938806 0.0 -5.130524216018017 0.0 0.0 1.0 0.0
1744824406007101 0.42910815482665876 -0.9032531159432886 0.0 1.993099180802697 -0.9032531159432886 -0.42910815482665876 0.0 -5.318900427922964 0.0 0.0 1.0 0.0
1744824406257199 0.41919611592532346 -0.9078957078834125 0.0 2.079127154771211 -0.9078957078834125 -0.41919611592532346 0.0 -5.52413100123644 0.0 0.0 1.0 0.0
1744824406507489 0.413669646657283 -0.9104270555263823 0.0 2.166090854570101 -0.9104270555263823 -0.413669646657283 0.0 -5.71771098530364 0.0 0.0 1.0 0.0
1744824406757514 0.41064362589430464 -0.9117959270101935 0.0 2.246711415321761 -0.9117959270101935 -0.41064362589430464 0.0 -5.914534051890946 0.0 0.0 1.0 0.0
1744824407007526 0.40620298318398973 -0.9137828716125221 0.0 2.3315077342545094 -0.9137828716125221 -0.40620298318398973 0.0 -6.105207752285414 0.0 0.0 1.0 0.0
1744824407257834 0.389298797172157 -0.9211115277317462 0.0 2.4252942275124907 -0.9211115277317462 -0.389298797172157 0.0 -6.304991770216482 0.0 0.0 1.0 0.0
1744824407508358 0.36125535143134124 -0.9324669275970157 0.0 2.513212924475603 -0.9324669275970157 -0.36125535143134124 0.0 -6.509527117446439 0.0 0.0 1.0 0.0
1744824407756673 0.36610814680042014 -0.9305723103802099 0.0 2.594771315602348 -0.9305723103802099 -0.36610814680042014 0.0 -6.703843127480301 0.0 0.0 1.0 0.0
1744824408005385 0.3651467027559791 -0.9309499908515153 0.0 2.673646922035047 -0.9309499908515153 -0.3651467027559791 0.0 -6.902309166435043 0.0 0.0 1.0 0.0
1744824408254088 0.36630948961015136 -0.9304930724199671 0.0 2.751875218362037 -0.9304930724199671 -0.36630948961015136 0.0 -7.110717351644211 0.0 0.0 1.0 0.0
1744824408503413 0.36322461001825124 -0.9317016060290383 0.0 2.836113092356296 -0.9317016060290383 -0.36322461001825124 0.0 -7.312151971376521 0.0 0.0 1.0 0.0
1744824408752662 0.3629513570511202 -0.9318080877598939 0.0 2.91422685695688 -0.9318080877598939 -0.3629513570511202 0.0 -7.500247081900109 0.0 0.0 1.0 0.0
1744824409002186 0.3607343022922266 -0.9326686245123401 0.0 2.9837060221982403 -0.9326686245123401 -0.3607343022922266 0.0 -7.702716606900823 0.0 0.0 1.0 0.0
1744824409251680 0.36018618380519823 -0.9328804387464923 0.0 3.0683364914805917 -0.9328804387464923 -0.36018618380519823 0.0 -7.910095779693589 0.0 0.0 1.0 0.0
1744824409501070 0.35754829588679193 -0.9338946493627913 0.0 3.1640822832337157 -0.9338946493627913 -0.35754829588679193 0.0 -8.123816361363229 0.0 0.0 1.0 0.0
1744824409750360 0.3552174023973777 -0.9347837167142244 0.0 3.2471227871526422 -0.9347837167142244 -0.3552174023973777 0.0 -8.327341399039252 0.0 0.0 1.0 0.0
1744824409999697 0.35357744298716537 -0.9354052553896934 0.0 3.3146279700418253 -0.9354052553896934 -0.35357744298716537 0.0 -8.513197233540051 0.0 0.0 1.0 0.0
1744824410249612 0.3525223766956954 -0.9358033842259912 0.0 3.374608251126099 -0.9358033842259912 -0.3525223766956954 0.0 -8.706037174574 0.0 0.0 1.0 0.0
1744824410499932 0.34913802748728123 -0.9370713087926076 0.0 3.4435075941616273 -0.9370713087926076 -0.34913802748728123 0.0 -8.905450163358003 0.0 0.0 1.0 0.0
1744824410749983 0.34863578492674113 -0.937258283222141 0.0 3.514774611508419 -0.937258283222141 -0.34863578492674113 0.0 -9.117949394964823 0.0 0.0 1.0 0.0
1744824411000306 0.3470754984284753 -0.9378371918358887 0.0 3.590373689808059 -0.9378371918358887 -0.3470754984284753 0.0 -9.344053356656081 0.0 0.0 1.0 0.0
1744824411249960 0.3465803257571473 -0.938020297114124 0.0 3.6826226913746813 -0.938020297114124 -0.3465803257571473 0.0 -9.587861622970294 0.0 0.0 1.0 0.0
1744824411499354 0.34345559126314623 -0.9391689181558781 0.0 3.79270116288507 -0.9391689181558781 -0.34345559126314623 0.0 -9.86768756145158 0.0 0.0 1.0 0.0
1744824411749093 0.3431328201051181 -0.9392868932156504 0.0 3.883809516451294 -0.9392868932156504 -0.3431328201051181 0.0 -10.138162276136734 0.0 0.0 1.0 0.0
1744824411999397 0.3417032911122719 -0.9398078850717534 0.0 3.97565594093084 -0.9398078850717534 -0.3417032911122719 0.0 -10.39461279885794 0.0 0.0 1.0 0.0
1744824412249926 0.3398158063381267 -0.9404920083460405 0.0 4.080748076260783 -0.9404920083460405 -0.3398158063381267 0.0 -10.677969877106246 0.0 0.0 1.0 0.0
1744824412500081 0.3401502801019565 -0.9403710900206155 0.0 4.173263180302298 -0.9403710900206155 -0.3401502801019565 0.0 -10.950725878092364 0.0 0.0 1.0 0.0
1744824412750179 0.3387746021883306 -0.9408675618343627 0.0 4.269060709425704 -0.9408675618343627 -0.3387746021883306 0.0 -11.213243091322525 0.0 0.0 1.0 0.0
1744824413000224 0.3387469205269643 -0.9408775286048119 0.0 4.36029833602557 -0.9408775286048119 -0.3387469205269643 0.0 -11.481495803589759 0.0 0.0 1.0 0.0
1744824413250423 0.33739969994451163 -0.941361483425657 0.0 4.4506191134635396 -0.941361483425657 -0.33739969994451163 0.0 -11.745600095961512 0.0 0.0 1.0 0.0
1744824413501055 0.33585213858736446 -0.9419147206654612 0.0 4.545462520387576 -0.9419147206654612 -0.33585213858736446 0.0 -12.017238565681067 0.0 0.0 1.0 0.0
1744824413751836 0.33414341715718193 -0.9425222420561339 0.0 4.641622471469863 -0.9425222420561339 -0.33414341715718193 0.0 -12.296068591079388 0.0 0.0 1.0 0.0
1744824414002489 0.3330151628916512 -0.9429214714302815 0.0 4.739153643600888 -0.9429214714302815 -0.3330151628916512 0.0 -12.560653282068376 0.0 0.0 1.0 0.0
1744824414252952 0.33285969231849494 -0.9429763651490088 0.0 4.841511857541462 -0.9429763651490088 -0.33285969231849494 0.0 -12.825534089244297 0.0 0.0 1.0 0.0
1744824414503382 0.3314514286406188 -0.9434722838812452 0.0 4.954130776953638 -0.9434722838812452 -0.3314514286406188 0.0 -13.096073932715628 0.0 0.0 1.0 0.0
1744824414753562 0.3307356357130099 -0.9437234442724792 0.0 5.051163819226456 -0.9437234442724792 -0.3307356357130099 0.0 -13.368906352912909 0.0 0.0 1.0 0.0
1744824415003369 0.3300001436333935 -0.9439808817989588 0.0 5.14502973492907 -0.9439808817989588 -0.3300001436333935 0.0 -13.646122448506535 0.0 0.0 1.0 0.0
1744824415253150 0.3289538867904308 -0.9443459855187973 0.0 5.250416814642879 -0.9443459855187973 -0.3289538867904308 0.0 -13.915408336751472 0.0 0.0 1.0 0.0
1744824415502657 0.3295379375515168 -0.9441423344572007 0.0 5.335743975200586 -0.9441423344572007 -0.3295379375515168 0.0 -14.184119623477699 0.0 0.0 1.0 0.0
1744824415752378 0.3297051848130747 -0.9440839428289077 0.0 5.43382058322152 -0.9440839428289077 -0.3297051848130747 0.0 -14.441650255428355 0.0 0.0 1.0 0.0
1744824416002454 0.330597598368488 -0.9437718092595201 0.0 5.529418728320486 -0.9437718092595201 -0.330597598368488 0.0 -14.71792074725725 0.0 0.0 1.0 0.0
1744824416253341 0.33023921328196915 -0.9438972730180473 0.0 5.613253815561176 -0.9438972730180473 -0.33023921328196915 0.0 -14.983370082196574 0.0 0.0 1.0 0.0
1744824416504101 0.3307290101462592 -0.9437257662306755 0.0 5.724246189003205 -0.9437257662306755 -0.3307290101462592 0.0 -15.24583692752644 0.0 0.0 1.0 0.0
1744824416754646 0.3307001270663403 -0.9437358878194188 0.0 5.811817042019844 -0.9437358878194188 -0.3307001270663403 0.0 -15.53681021042044 0.0 0.0 1.0 0.0
1744824417004705 0.3295465540283715 -0.9441393269682318 0.0 5.886532123316967 -0.9441393269682318 -0.3295465540283715 0.0 -15.813686601554132 0.0 0.0 1.0 0.0
1744824417254714 0.330135004862821 -0.9439337257266662 0.0 6.002819580693182 -0.9439337257266662 -0.330135004862821 0.0 -16.079455185836505 0.0 0.0 1.0 0.0
1744824417504324 0.330526874354604 -0.9437965804819256 0.0 6.102613708498382 -0.9437965804819256 -0.330526874354604 0.0 -16.331272923405727 0.0 0.0 1.0 0.0
1744824417754164 0.3297614174530101 -0.9440643026613079 0.0 6.190075378135537 -0.9440643026613079 -0.3297614174530101 0.0 -16.59515112720361 0.0 0.0 1.0 0.0
1744824418003824 0.3301843546919915 -0.9439164644801112 0.0 6.283751227494126 -0.9439164644801112 -0.3301843546919915 0.0 -16.882443116373636 0.0 0.0 1.0 0.0
1744824418253039 0.3303317511155418 -0.9438648919230653 0.0 6.3641074163474975 -0.9438648919230653 -0.3303317511155418 0.0 -17.166053665230088 0.0 0.0 1.0 0.0
1744824418502237 0.3299917507248641 -0.9439838157794546 0.0 6.4435281570843905 -0.9439838157794546 -0.3299917507248641 0.0 -17.419691600544176 0.0 0.0 1.0 0.0
1744824418751683 0.3301008384428551 -0.9439456745275779 0.0 6.5306380544207885 -0.9439456745275779 -0.3301008384428551 0.0 -17.679585838241778 0.0 0.0 1.0 0.0
1744824419001248 0.33054533639503475 -0.9437901146904927 0.0 6.617100047854026 -0.9437901146904927 -0.33054533639503475 0.0 -17.96487768321133 0.0 0.0 1.0 0.0
1744824419251591 0.33085926444534447 -0.943680108474628 0.0 6.71111783812586 -0.943680108474628 -0.33085926444534447 0.0 -18.231630195201927 0.0 0.0 1.0 0.0
1744824419501987 0.3305358498008627 -0.9437934371441781 0.0 6.810597333316208 -0.9437934371441781 -0.3305358498008627 0.0 -18.482134818448163 0.0 0.0 1.0 0.0
1744824419752241 0.33118652759851225 -0.9435653045429553 0.0 6.906502285424402 -0.9435653045429553 -0.33118652759851225 0.0 -18.75191301458837 0.0 0.0 1.0 0.0
1744824420002527 0.3306183493476988 -0.943764540059968 0.0 7.008404374013429 -0.943764540059968 -0.3306183493476988 0.0 -19.016235910084202 0.0 0.0 1.0 0.0
1744824420253116 0.3261322276274943 -0.9453241613873669 0.0 7.098446229112638 -0.9453241613873669 -0.3261322276274943 0.0 -19.275782824481134 0.0 0.0 1.0 0.0
1744824420503598 0.3243442839207932 -0.9459391024203979 0.0 7.182238640252425 -0.9459391024203979 -0.3243442839207932 0.0 -19.540810584948833 0.0 0.0 1.0 0.0
1744824420753470 0.3201060560051174 -0.9473817144682753 0.0 7.275366596653574 -0.9473817144682753 -0.3201060560051174 0.0 -19.813581520208686 0.0 0.0 1.0 0.0
1744824421002840 0.31757745470723736 -0.9482323345370969 0.0 7.374920770874331 -0.9482323345370969 -0.31757745470723736 0.0 -20.10157232062157 0.0 0.0 1.0 0.0
1744824421252938 0.2915469560246273 -0.9565565181591594 0.0 7.478762097718854 -0.9565565181591594 -0.2915469560246273 0.0 -20.383577595980555 0.0 0.0 1.0 0.0
1744824421501911 0.26694847918489073 -0.9637108017765881 0.0 7.54720021643484 -0.9637108017765881 -0.26694847918489073 0.0 -20.6608557371596 0.0 0.0 1.0 0.0
1744824421750641 0.24570967300419 -0.9693434667816018 0.0 7.61152291949931 -0.9693434667816018 -0.24570967300419 0.0 -20.937122084903837 0.0 0.0 1.0 0.0
1744824421998818 0.24526973079788664 -0.969454877317316 0.0 7.698553933480727 -0.969454877317316 -0.24526973079788664 0.0 -21.223137421996803 0.0 0.0 1.0 0.0
1744824422247778 0.2373758051108774 -0.9714178952170703 0.0 7.771895831434138 -0.9714178952170703 -0.2373758051108774 0.0 -21.500729706412333 0.0 0.0 1.0 0.0
1744824422497492 0.22675258650267655 -0.9739523933511054 0.0 7.799036871786848 -0.9739523933511054 -0.22675258650267655 0.0 -21.786497575222892 0.0 0.0 1.0 0.0
1744824422747742 0.21680348587273895 -0.9762152675068287 0.0 7.860821038054885 -0.9762152675068287 -0.21680348587273895 0.0 -22.06226194286458 0.0 0.0 1.0 0.0
1744824422997926 0.20742293375523968 -0.9782513616409484 0.0 7.941512336040965 -0.9782513616409484 -0.20742293375523968 0.0 -22.34347362168527 0.0 0.0 1.0 0.0
1744824423247427 0.19529918589546005 -0.980743711674243 0.0 7.978818322598983 -0.980743711674243 -0.19529918589546005 0.0 -22.631514073578245 0.0 0.0 1.0 0.0
1744824423496561 0.18524156196567845 -0.9826930160128928 0.0 8.049997560685924 -0.9826930160128928 -0.18524156196567845 0.0 -22.901315701448613 0.0 0.0 1.0 0.0
1744824423746254 0.1732294676437345 -0.9848814911144733 0.0 8.10816366443911 -0.9848814911144733 -0.1732294676437345 0.0 -23.1833874529269 0.0 0.0 1.0 0.0
1744824423996052 0.16134146430994978 -0.9868986431717904 0.0 8.161527900345616 -0.9868986431717904 -0.16134146430994978 0.0 -23.46771887730374 0.0 0.0 1.0 0.0
1744824424245804 0.149415437618566 -0.9887745076615053 0.0 8.198983327730765 -0.9887745076615053 -0.149415437618566 0.0 -23.729216868917767 0.0 0.0 1.0 0.0
1744824424495333 0.13996433606985723 -0.9901565455161743 0.0 8.221005802370742 -0.9901565455161743 -0.13996433606985723 0.0 -23.990787890636753 0.0 0.0 1.0 0.0
1744824424744986 0.1280911641706731 -0.9917623977855792 0.0 8.264992095707813 -0.9917623977855792 -0.1280911641706731 0.0 -24.26064839492893 0.0 0.0 1.0 0.0
1744824424995029 0.11493831667372156 -0.993372630667974 0.0 8.289507340357632 -0.993372630667974 -0.11493831667372156 0.0 -24.525297401295038 0.0 0.0 1.0 0.0
1744824425244690 0.10249781789416434 -0.9947332292262757 0.0 8.32046097846409 -0.9947332292262757 -0.10249781789416434 0.0 -24.80159418230751 0.0 0.0 1.0 0.0
1744824425494003 0.09059433995117865 -0.9958878780107779 0.0 8.367004619043241 -0.9958878780107779 -0.09059433995117865 0.0 -25.065777222039934 0.0 0.0 1.0 0.0
1744824425743174 0.07839155425410456 -0.996922647060255 0.0 8.385564470426994 -0.996922647060255 -0.07839155425410456 0.0 -25.326497661276747 0.0 0.0 1.0 0.0
1744824425993735 0.0451403054525801 -0.9989806568816275 0.0 8.39026385762417 -0.9989806568816275 -0.0451403054525801 0.0 -25.588963327761704 0.0 0.0 1.0 0.0
1744824426244121 0.023232512986200094 -0.9997300887441303 0.0 8.408340632151791 -0.9997300887441303 -0.023232512986200094 0.0 -25.83606834238028 0.0 0.0 1.0 0.0
1744824426493765 0.011044531948538204 -0.999939007296964 0.0 8.418134890160488 -0.999939007296964 -0.011044531948538204 0.0 -26.095282993059232 0.0 0.0 1.0 0.0
1744824426743370 -0.0033051763188874667 -0.9999945378898332 0.0 8.40670415773189 -0.9999945378898332 0.0033051763188874667 0.0 -26.36583317238883 0.0 0.0 1.0 0.0
1744824426992945 -0.016487438092271166 -0.9998640729544961 0.0 8.406149151197788 -0.9998640729544961 0.016487438092271166 0.0 -26.62409125292587 0.0 0.0 1.0 0.0
1744824427242579 -0.03146922909023909 -0.9995047211596684 0.0 8.41066550341832 -0.9995047211596684 0.03146922909023909 0.0 -26.888291444884818 0.0 0.0 1.0 0.0
1744824427492302 -0.04478782286096376 -0.9989965219776169 0.0 8.405627768779658 -0.9989965219776169 0.04478782286096376 0.0 -27.15390329944016 0.0 0.0 1.0 0.0
1744824427741347 -0.05038594564559279 -0.9987298215640702 0.0 8.389044736667852 -0.9987298215640702 0.05038594564559279 0.0 -27.402735451914882 0.0 0.0 1.0 0.0
1744824427990723 -0.06049053798219534 -0.9981687707069505 0.0 8.383033298511904 -0.9981687707069505 0.06049053798219534 0.0 -27.64850478499965 0.0 0.0 1.0 0.0
1744824428239905 -0.06908198879635524 -0.9976109857173486 0.0 8.36579149020054 -0.9976109857173486 0.06908198879635524 0.0 -27.90290363680642 0.0 0.0 1.0 0.0
1744824428489238 -0.07962839691956508 -0.9968246176755569 0.0 8.3476005611561 -0.9968246176755569 0.07962839691956508 0.0 -28.16490018608705 0.0 0.0 1.0 0.0
1744824428738704 -0.08766357680164262 -0.9961501379322005 0.0 8.355270313498803 -0.9961501379322005 0.08766357680164262 0.0 -28.407236128614574 0.0 0.0 1.0 0.0
1744824428988198 -0.09461541869486313 -0.9955138987202516 0.0 8.346429314069447 -0.9955138987202516 0.09461541869486313 0.0 -28.649139393809254 0.0 0.0 1.0 0.0
1744824429237314 -0.10065358307940925 -0.9949215326915365 0.0 8.325878695377416 -0.9949215326915365 0.10065358307940925 0.0 -28.91238149728567 0.0 0.0 1.0 0.0
1744824429486621 -0.10711156725768337 -0.9942470076191341 0.0 8.313411096020769 -0.9942470076191341 0.10711156725768337 0.0 -29.15962318211717 0.0 0.0 1.0 0.0
1744824429735999 -0.11335147173760196 -0.993554952609527 0.0 8.294911001993553 -0.993554952609527 0.11335147173760196 0.0 -29.403012185390633 0.0 0.0 1.0 0.0
1744824429985454 -0.11982096779850068 -0.9927955155397461 0.0 8.264689889444519 -0.9927955155397461 0.11982096779850068 0.0 -29.657478196058044 0.0 0.0 1.0 0.0
1744824430235265 -0.1257309820084711 -0.9920643729936003 0.0 8.24108481503685 -0.9920643729936003 0.1257309820084711 0.0 -29.920707555089656 0.0 0.0 1.0 0.0
1744824430484299 -0.11231428126570427 -0.9936727339641397 0.0 8.214517544751974 -0.9936727339641397 0.11231428126570427 0.0 -30.18447739054295 0.0 0.0 1.0 0.0
1744824430733535 -0.09724220548655751 -0.9952607464740634 0.0 8.191395649844544 -0.9952607464740634 0.09724220548655751 0.0 -30.427703540321666 0.0 0.0 1.0 0.0
1744824430983310 -0.08613239219374638 -0.9962837000648873 0.0 8.188122636532222 -0.9962837000648873 0.08613239219374638 0.0 -30.675050507048194 0.0 0.0 1.0 0.0
1744824431233246 -0.06950416920691607 -0.9975816610497891 0.0 8.176545589532964 -0.9975816610497891 0.06950416920691607 0.0 -30.934405998919274 0.0 0.0 1.0 0.0
1744824431483507 -0.05610629882526874 -0.9984248009901044 0.0 8.132560159480905 -0.9984248009901044 0.05610629882526874 0.0 -31.18492716489357 0.0 0.0 1.0 0.0
1744824431733668 -0.039400749550972496 -0.999223488982731 0.0 8.120414323274785 -0.999223488982731 0.039400749550972496 0.0 -31.443531873121046 0.0 0.0 1.0 0.0
1744824431984013 -0.02499612683564252 -0.9996875480084849 0.0 8.155463591010976 -0.9996875480084849 0.02499612683564252 0.0 -31.701626301024636 0.0 0.0 1.0 0.0
1744824432233737 0.0005622538341098228 -0.9999998419353004 0.0 8.14901969861659 -0.9999998419353004 -0.0005622538341098228 0.0 -31.977969986857058 0.0 0.0 1.0 0.0
1744824432483984 0.030652778358800127 -0.999530093183235 0.0 8.110418540775152 -0.999530093183235 -0.030652778358800127 0.0 -32.250653036598976 0.0 0.0 1.0 0.0
1744824432735270 0.055940250003924566 -0.9984341182218778 0.0 8.120915666814057 -0.9984341182218778 -0.055940250003924566 0.0 -32.48765549345161 0.0 0.0 1.0 0.0
1744824432986028 0.09457313523436613 -0.9955179165097643 0.0 8.159903818211179 -0.9955179165097643 -0.09457313523436613 0.0 -32.72097898751171 0.0 0.0 1.0 0.0
1744824433236461 0.14683425887346183 -0.9891611094362137 0.0 8.160500232876837 -0.9891611094362137 -0.14683425887346183 0.0 -32.968507605942484 0.0 0.0 1.0 0.0
1744824433488322 0.178555555082594 -0.9839298317203045 0.0 8.177623718791299 -0.9839298317203045 -0.178555555082594 0.0 -33.231038118663086 0.0 0.0 1.0 0.0
1744824433739419 0.22185515281059973 -0.9750796332461189 0.0 8.25070291971607 -0.9750796332461189 -0.22185515281059973 0.0 -33.50459630652455 0.0 0.0 1.0 0.0
1744824433990664 0.2573176899548587 -0.9663268631453311 0.0 8.319354733449611 -0.9663268631453311 -0.2573176899548587 0.0 -33.770249884927644 0.0 0.0 1.0 0.0
1744824434242379 0.2698854064912193 -0.9628924484920782 0.0 8.394069015680419 -0.9628924484920782 -0.2698854064912193 0.0 -34.03628893277369 0.0 0.0 1.0 0.0
1744824434493343 0.2755746638542496 -0.9612796703569766 0.0 8.466413833538763 -0.9612796703569766 -0.2755746638542496 0.0 -34.298982050530476 0.0 0.0 1.0 0.0
1744824434743259 0.28386865610875006 -0.9588631738047991 0.0 8.548697283187403 -0.9588631738047991 -0.28386865610875006 0.0 -34.553585488006085 0.0 0.0 1.0 0.0
1744824434992994 0.292112512848986 -0.9563839604662194 0.0 8.64470778734049 -0.9563839604662194 -0.292112512848986 0.0 -34.80588227974481 0.0 0.0 1.0 0.0
1744824435242295 0.30180668573344543 -0.9533691438506878 0.0 8.723795023363047 -0.9533691438506878 -0.30180668573344543 0.0 -35.06052660122437 0.0 0.0 1.0 0.0
1744824435491497 0.30899547025143675 -0.9510635096375497 0.0 8.803574811649582 -0.9510635096375497 -0.30899547025143675 0.0 -35.31998482048223 0.0 0.0 1.0 0.0
1744824435741009 0.3175877858632075 -0.9482288744129792 0.0 8.893126042114968 -0.9482288744129792 -0.3175877858632075 0.0 -35.56267894648455 0.0 0.0 1.0 0.0
1744824435991008 0.3247786657425819 -0.9457900497882542 0.0 8.982676952389602 -0.9457900497882542 -0.3247786657425819 0.0 -35.83322859694918 0.0 0.0 1.0 0.0
1744824436240830 0.3318529102799755 -0.9433311433100842 0.0 9.070070511451647 -0.9433311433100842 -0.3318529102799755 0.0 -36.09557957808403 0.0 0.0 1.0 0.0
1744824436490292 0.33590943198424505 -0.9418942899837656 0.0 9.166961725916412 -0.9418942899837656 -0.33590943198424505 0.0 -36.34137786773805 0.0 0.0 1.0 0.0
1744824436739848 0.3260851676598848 -0.9453403955360339 0.0 9.26144672549404 -0.9453403955360339 -0.3260851676598848 0.0 -36.61395729501841 0.0 0.0 1.0 0.0
1744824436989805 0.2965863003738011 -0.9550060557036179 0.0 9.351676301000369 -0.9550060557036179 -0.2965863003738011 0.0 -36.88024844262717 0.0 0.0 1.0 0.0
1744824437237356 0.31648875622557726 -0.9485962614214687 0.0 9.451665751118515 -0.9485962614214687 -0.31648875622557726 0.0 -37.124305801022324 0.0 0.0 1.0 0.0
1744824437486293 0.32376030729392963 -0.9461391353394808 0.0 9.534524805245518 -0.9461391353394808 -0.32376030729392963 0.0 -37.37908899981049 0.0 0.0 1.0 0.0
1744824437735862 0.3287500648225865 -0.9444169602877456 0.0 9.624301862140621 -0.9444169602877456 -0.3287500648225865 0.0 -37.62444777923369 0.0 0.0 1.0 0.0
1744824437985485 0.3315740246575358 -0.9434292057024755 0.0 9.722049368017444 -0.9434292057024755 -0.3315740246575358 0.0 -37.87620607400971 0.0 0.0 1.0 0.0
1744824438234928 0.33568588036121816 -0.9419739856949946 0.0 9.81606108650897 -0.9419739856949946 -0.33568588036121816 0.0 -38.13975243612465 0.0 0.0 1.0 0.0
